0 0.5775 0.52925 0.0663333 0.0965
0 0.7495 0.69225 0.077 0.1145
0 0.5495 0.90225 0.0556667 0.0785
0 0.6845 0.86425 0.063 0.0935
0 0.8275 0.6125 0.0703333 0.097
0 0.605167 0.203 0.053 0.081
0 0.8215 0.7225 0.069 0.102
0 0.3515 0.90425 0.0543333 0.0815
0 0.824167 0.386 0.0643333 0.097
0 0.663667 0.2585 0.0646667 0.105
0 0.6185 0.61375 0.0696667 0.0925
0 0.205833 0.369 0.0783333 0.133
0 0.3435 0.74125 0.067 0.1025
0 0.487667 0.90975 0.0626667 0.0885
0 0.5185 0.50975 0.0676667 0.1085
0 0.370833 0.83225 0.0556667 0.0875
0 0.4855 0.70325 0.071 0.1015
0 0.487833 0.81525 0.0736667 0.1125
0 0.425833 0.42625 0.0683333 0.1055
0 0.277667 0.7505 0.0673333 0.097
0 0.303 0.859 0.0586667 0.081
0 0.493 0.40525 0.0713333 0.0985
0 0.176667 0.67475 0.066 0.0955
0 0.486 0.60275 0.0693333 0.1055
0 0.229667 0.26225 0.0626667 0.0955
0 0.555 0.667 0.076 0.122
0 0.5835 0.2965 0.0736667 0.11
0 0.420167 0.76575 0.073 0.1005
0 0.332333 0.6375 0.066 0.094
0 0.537833 0.07575 0.081 0.1295
0 0.819667 0.4965 0.074 0.111
0 0.457167 0.18375 0.0743333 0.1125
0 0.36 0.37 0.0726667 0.104
0 0.768333 0.80925 0.0953333 0.1165
0 0.415333 0.66475 0.072 0.1125
0 0.753833 0.4405 0.0683333 0.095
0 0.454 0.3115 0.078 0.118
0 0.3935 0.1225 0.0696667 0.117
0 0.385667 0.579 0.0626667 0.098
0 0.618 0.9025 0.072 0.105
0 0.340667 0.195 0.0593333 0.094
0 0.761167 0.586 0.067 0.102
0 0.614167 0.094 0.063 0.101
0 0.520667 0.32625 0.066 0.0995
0 0.4565 0.08325 0.0616667 0.0925
0 0.616667 0.7185 0.0646667 0.105
0 0.421833 0.88875 0.079 0.1255
0 0.574167 0.43125 0.0756667 0.1115
0 0.639167 0.81175 0.0663333 0.1015
0 0.2045 0.773 0.0723333 0.102
0 0.788 0.30125 0.068 0.1055
0 0.446667 0.53625 0.066 0.0945
0 0.261 0.65525 0.0706667 0.1105
0 0.557 0.8305 0.0613333 0.093
0 0.365833 0.47375 0.0696667 0.1055
0 0.2655 0.44925 0.0843333 0.1365
0 0.6325 0.372 0.0683333 0.099
0 0.670167 0.15025 0.0796667 0.1075
0 0.197 0.4885 0.0633333 0.095
0 0.1765 0.579 0.0656667 0.1
0 0.6795 0.57075 0.0736667 0.1115
0 0.535667 0.20325 0.0833333 0.1325
0 0.289333 0.3265 0.0746667 0.113
0 0.683333 0.67475 0.076 0.1075
0 0.3925 0.2375 0.0623333 0.096
0 0.272333 0.18475 0.0773333 0.1135
0 0.236333 0.56325 0.0666667 0.0965
0 0.726333 0.35475 0.068 0.1055
0 0.672 0.45275 0.076 0.1105
0 0.73 0.22175 0.074 0.1115
0 0.317833 0.541 0.081 0.111
