0 0.0117188 0.285937 0.0203125 0.028125
0 0.0734375 0.641406 0.03125 0.0265625
0 0.73125 0.3625 0.03125 0.028125
0 0.761719 0.671875 0.0296875 0.025
0 0.0773437 0.715625 0.0265625 0.025
0 0.66875 0.359375 0.03125 0.03125
0 0.0101562 0.364844 0.0203125 0.0328125
0 0.249219 0.672656 0.0265625 0.0265625
0 0.0476562 0.310937 0.0234375 0.025
0 0.14375 0.455469 0.028125 0.0265625
0 0.0132813 0.461719 0.0265625 0.0359375
0 0.657031 0.503906 0.0265625 0.0265625
0 0.534375 0.241406 0.028125 0.0296875
0 0.470313 0.660156 0.025 0.0265625
0 0.459375 0.678906 0.03125 0.0296875
0 0.6875 0.3875 0.034375 0.034375
0 0.0789063 0.326562 0.0265625 0.025
0 0.607813 0.738281 0.028125 0.0265625
0 0.0265625 0.263281 0.03125 0.0328125
0 0.464844 0.739844 0.0296875 0.0296875
0 0.628906 0.764844 0.0359375 0.0296875
0 0.252344 0.569531 0.0265625 0.0265625
0 0.3125 0.348437 0.040625 0.040625
0 0.48125 0.710938 0.03125 0.03125
0 0.340625 0.775781 0.03125 0.0328125
0 0.432813 0.746875 0.028125 0.028125
0 0.0390625 0.704687 0.0375 0.03125
0 0.497656 0.292969 0.0359375 0.0359375
0 0.439844 0.313281 0.0328125 0.0296875
0 0.0992187 0.421875 0.0265625 0.025
0 0.782812 0.610937 0.028125 0.028125
0 0.285937 0.375 0.03125 0.03125
0 0.789062 0.488281 0.03125 0.0328125
0 0.392188 0.396875 0.028125 0.025
0 0.0109375 0.653125 0.021875 0.028125
0 0.450781 0.715625 0.0328125 0.03125
0 0.0625 0.69375 0.028125 0.028125
0 0.782812 0.547656 0.03125 0.0328125
0 0.725781 0.409375 0.0328125 0.03125
0 0.0265625 0.626562 0.03125 0.03125
0 0.776563 0.514844 0.028125 0.0265625
0 0.739062 0.702344 0.025 0.0265625
0 0.4125 0.358594 0.03125 0.0296875
0 0.499219 0.739062 0.0296875 0.03125
0 0.419531 0.772656 0.0328125 0.0296875
0 0.597656 0.328125 0.0390625 0.034375
0 0.684375 0.736719 0.028125 0.0296875
0 0.225 0.636719 0.03125 0.0328125
0 0.342969 0.692969 0.0328125 0.0328125
0 0.480469 0.782812 0.0328125 0.034375
0 0.716406 0.539062 0.0390625 0.0375
0 0.476562 0.260156 0.034375 0.0359375
0 0.303906 0.63125 0.0328125 0.028125
0 0.719531 0.679688 0.0296875 0.028125
0 0.470313 0.580469 0.03125 0.0265625
0 0.0132813 0.528125 0.0265625 0.028125
0 0.763281 0.642969 0.0296875 0.0296875
0 0.370313 0.653906 0.03125 0.0296875
0 0.040625 0.440625 0.03125 0.028125
0 0.122656 0.415625 0.0296875 0.028125
0 0.158594 0.576563 0.0265625 0.028125
0 0.728125 0.580469 0.028125 0.0296875
0 0.124219 0.599219 0.0328125 0.0328125
0 0.519531 0.719531 0.0296875 0.0265625
0 0.692969 0.425 0.0328125 0.034375
0 0.339844 0.440625 0.0296875 0.03125
0 0.405469 0.46875 0.0359375 0.034375
0 0.0179687 0.59375 0.0296875 0.028125
0 0.626562 0.417969 0.03125 0.0328125
0 0.0625 0.742188 0.03125 0.03125
0 0.746094 0.510938 0.0390625 0.0375
0 0.569531 0.639063 0.0296875 0.028125
0 0.292969 0.703125 0.0390625 0.040625
0 0.413281 0.721094 0.0296875 0.0265625
0 0.134375 0.627344 0.028125 0.0296875
0 0.578906 0.571094 0.0265625 0.0296875
0 0.555469 0.703906 0.0328125 0.0296875
0 0.0703125 0.301562 0.028125 0.028125
0 0.5625 0.321094 0.028125 0.0296875
0 0.560938 0.517187 0.028125 0.028125
0 0.694531 0.652344 0.0328125 0.0328125
0 0.0210938 0.740625 0.0421875 0.0375
0 0.807031 0.528906 0.0296875 0.0296875
0 0.275781 0.58125 0.0296875 0.028125
0 0.682031 0.705469 0.0328125 0.0359375
0 0.653906 0.326562 0.0328125 0.03125
0 0.48125 0.367188 0.034375 0.034375
0 0.119531 0.559375 0.0265625 0.025
0 0.396875 0.748438 0.03125 0.03125
0 0.740625 0.44375 0.040625 0.0375
0 0.682813 0.565625 0.028125 0.028125
0 0.489062 0.335156 0.034375 0.0328125
0 0.364844 0.752344 0.0296875 0.0296875
0 0.575781 0.253125 0.0421875 0.040625
0 0.34375 0.375 0.0375 0.040625
0 0.582031 0.295312 0.0296875 0.03125
0 0.645312 0.729688 0.034375 0.034375
0 0.565625 0.482031 0.03125 0.0328125
0 0.0945313 0.584375 0.0328125 0.03125
0 0.689062 0.311719 0.0375 0.0359375
0 0.594531 0.715625 0.0296875 0.028125
0 0.0382813 0.352344 0.0328125 0.0296875
0 0.36875 0.457812 0.040625 0.034375
0 0.632031 0.275 0.0359375 0.0375
0 0.405469 0.544531 0.0390625 0.0359375
0 0.621875 0.309375 0.0375 0.034375
0 0.269531 0.533594 0.0328125 0.0328125
0 0.553906 0.769531 0.0296875 0.0296875
0 0.703125 0.601562 0.03125 0.03125
0 0.121094 0.495313 0.0328125 0.03125
0 0.342969 0.578125 0.0265625 0.028125
0 0.282031 0.660156 0.0359375 0.0359375
0 0.717188 0.626562 0.028125 0.028125
0 0.352344 0.527344 0.0453125 0.0390625
0 0.533594 0.744531 0.0328125 0.0328125
0 0.244531 0.610937 0.0296875 0.03125
0 0.415625 0.654688 0.03125 0.03125
0 0.146875 0.508594 0.028125 0.0265625
0 0.446094 0.642969 0.0328125 0.0328125
0 0.592969 0.4625 0.0296875 0.03125
0 0.628906 0.551562 0.0296875 0.03125
0 0.590625 0.503906 0.03125 0.0328125
0 0.100781 0.539844 0.0328125 0.0328125
0 0.090625 0.622656 0.03125 0.0296875
0 0.704687 0.34375 0.03125 0.03125
0 0.4125 0.578125 0.0375 0.034375
0 0.145313 0.547656 0.028125 0.0296875
0 0.320312 0.741406 0.0375 0.0359375
0 0.271875 0.626562 0.03125 0.034375
0 0.021875 0.319531 0.03125 0.0296875
0 0.425781 0.617969 0.0359375 0.0359375
0 0.555469 0.597656 0.0265625 0.0296875
0 0.613281 0.441406 0.0296875 0.0296875
0 0.657812 0.291406 0.03125 0.0328125
0 0.322656 0.667188 0.0296875 0.028125
0 0.73125 0.653906 0.03125 0.0296875
0 0.7125 0.492188 0.040625 0.0375
0 0.741406 0.475781 0.0265625 0.0265625
0 0.414844 0.507031 0.0296875 0.0296875
0 0.436719 0.453125 0.0328125 0.03125
0 0.453125 0.767969 0.03125 0.0328125
0 0.053125 0.666406 0.034375 0.0328125
0 0.784375 0.582031 0.03125 0.0328125
0 0.071875 0.420312 0.03125 0.03125
0 0.480469 0.461719 0.0328125 0.0328125
0 0.278906 0.503906 0.0296875 0.0296875
0 0.347656 0.489844 0.0359375 0.0359375
0 0.278125 0.471094 0.028125 0.0296875
0 0.0351562 0.56875 0.0328125 0.028125
0 0.567969 0.734375 0.0328125 0.034375
0 0.238281 0.54375 0.0328125 0.03125
0 0.600781 0.542969 0.0328125 0.0328125
0 0.508594 0.694531 0.0328125 0.0328125
0 0.672656 0.615625 0.0328125 0.034375
0 0.654688 0.536719 0.03125 0.0328125
0 0.508594 0.257812 0.0359375 0.034375
0 0.657812 0.477344 0.028125 0.0296875
0 0.652344 0.592969 0.0296875 0.0296875
0 0.784375 0.449219 0.034375 0.0359375
0 0.108594 0.39375 0.0296875 0.028125
0 0.496875 0.646094 0.028125 0.0296875
0 0.467187 0.616406 0.0375 0.0359375
0 0.0828125 0.676562 0.03125 0.03125
0 0.315625 0.509375 0.034375 0.0375
0 0.0414063 0.470313 0.0296875 0.028125
0 0.421094 0.692969 0.0328125 0.0328125
0 0.507031 0.442187 0.0359375 0.034375
0 0.664062 0.441406 0.034375 0.0328125
0 0.520312 0.774219 0.03125 0.0328125
0 0.0328125 0.383594 0.040625 0.0359375
0 0.572656 0.675 0.0421875 0.040625
0 0.3875 0.696875 0.034375 0.0375
0 0.303125 0.542969 0.034375 0.0328125
0 0.0601562 0.526563 0.0390625 0.034375
0 0.595312 0.619531 0.040625 0.0390625
0 0.533594 0.280469 0.0328125 0.0328125
0 0.53125 0.5125 0.028125 0.03125
0 0.621094 0.671094 0.0359375 0.0359375
0 0.078125 0.4875 0.040625 0.040625
0 0.589844 0.774219 0.0359375 0.0359375
0 0.766406 0.410937 0.0390625 0.034375
0 0.0320312 0.503125 0.0359375 0.034375
0 0.103906 0.465625 0.0328125 0.034375
0 0.590625 0.371875 0.028125 0.03125
0 0.627344 0.703125 0.0296875 0.03125
0 0.50625 0.403125 0.0375 0.0375
0 0.35625 0.411719 0.034375 0.0328125
0 0.339844 0.328906 0.0390625 0.0359375
0 0.377344 0.371094 0.0359375 0.0328125
0 0.471875 0.392969 0.028125 0.0265625
0 0.0703125 0.567187 0.03125 0.03125
0 0.385938 0.432031 0.04375 0.0390625
0 0.610937 0.579687 0.040625 0.0375
0 0.617188 0.485156 0.03125 0.0328125
0 0.539062 0.664844 0.03125 0.0359375
0 0.276563 0.407031 0.034375 0.0359375
0 0.51875 0.478906 0.040625 0.0390625
0 0.657812 0.657031 0.04375 0.0421875
0 0.3875 0.632812 0.0375 0.040625
0 0.335938 0.642969 0.0375 0.0359375
0 0.547656 0.542969 0.0296875 0.0296875
0 0.257031 0.438281 0.0359375 0.0328125
0 0.315625 0.467187 0.040625 0.0375
0 0.310937 0.407813 0.0375 0.034375
0 0.488281 0.555469 0.0359375 0.0359375
0 0.752344 0.603906 0.0359375 0.0359375
0 0.0585938 0.602344 0.0390625 0.0359375
0 0.749219 0.553125 0.0359375 0.034375
0 0.246875 0.476562 0.0375 0.0375
0 0.442969 0.345313 0.0359375 0.034375
0 0.659375 0.403906 0.03125 0.0296875
0 0.63125 0.353125 0.04375 0.040625
0 0.372656 0.570312 0.0421875 0.0375
0 0.367188 0.607031 0.034375 0.0328125
0 0.546875 0.451562 0.040625 0.040625
0 0.458594 0.427344 0.0390625 0.0359375
0 0.377344 0.784375 0.0421875 0.040625
0 0.436719 0.391406 0.0421875 0.0390625
0 0.639844 0.625781 0.0390625 0.0421875
0 0.542188 0.396875 0.034375 0.034375
0 0.685938 0.521094 0.0375 0.0359375
0 0.496875 0.521094 0.0375 0.0390625
0 0.519531 0.365625 0.0328125 0.034375
0 0.528906 0.321094 0.0390625 0.0390625
0 0.627344 0.51875 0.0359375 0.034375
0 0.446875 0.547656 0.040625 0.0390625
0 0.407031 0.288281 0.0390625 0.0390625
0 0.445312 0.276563 0.040625 0.040625
0 0.583594 0.423438 0.0421875 0.040625
0 0.5625 0.354688 0.0375 0.034375
0 0.439063 0.592969 0.028125 0.0296875
0 0.521875 0.574219 0.0375 0.0421875
0 0.442969 0.489844 0.0421875 0.0390625
0 0.409375 0.328906 0.034375 0.0328125
0 0.53125 0.622656 0.040625 0.0390625
0 0.319531 0.603125 0.0421875 0.040625
