0 0.118316 0.120655 0.0213904 0.0207219
0 0.0695187 0.212901 0.0173797 0.0180481
0 0.0762032 0.132019 0.0187166 0.019385
0 0.0183824 0.175468 0.0180481 0.0207219
0 0.0778743 0.191176 0.0233957 0.0227273
0 0.823195 0.274064 0.0675134 0.0641711
0 0.132353 0.220254 0.0681818 0.0768717
0 0.880348 0.325201 0.0909091 0.084893
0 0.162767 0.167781 0.0701872 0.0708556
0 0.723596 0.675134 0.0715241 0.0628342
0 0.74766 0.500334 0.0715241 0.0648396
0 0.775067 0.714572 0.0768717 0.0681818
0 0.746992 0.324198 0.0648396 0.0681818
0 0.314505 0.796123 0.0741979 0.0762032
0 0.787099 0.547126 0.0621658 0.0568182
0 0.232286 0.734626 0.0688503 0.0708556
0 0.59492 0.262366 0.0668449 0.0661765
0 0.175134 0.540775 0.0628342 0.0588235
0 0.811163 0.491644 0.0621658 0.0608289
0 0.493316 0.739639 0.0721925 0.0755348
0 0.276738 0.0825535 0.0628342 0.0715241
0 0.649064 0.216243 0.0708556 0.0675134
0 0.587567 0.327206 0.065508 0.0635027
0 0.0772059 0.376003 0.0661765 0.0675134
0 0.222259 0.666778 0.0635027 0.0648396
0 0.115307 0.521725 0.0741979 0.0755348
0 0.711898 0.175468 0.0735294 0.0741979
0 0.143717 0.599933 0.0775401 0.0755348
0 0.502005 0.287767 0.0748663 0.0782086
0 0.415107 0.0852273 0.0721925 0.0768717
0 0.261698 0.318182 0.084893 0.078877
0 0.400735 0.162099 0.0715241 0.0675134
0 0.809158 0.772059 0.059492 0.0534759
0 0.493984 0.138369 0.0735294 0.0762032
0 0.537099 0.221591 0.0808824 0.0822193
0 0.552808 0.798128 0.0668449 0.0735294
0 0.483957 0.674131 0.0815508 0.072861
0 0.212901 0.21992 0.0835562 0.0775401
0 0.311163 0.369652 0.0715241 0.0681818
0 0.622326 0.659759 0.0681818 0.0641711
0 0.335561 0.501003 0.0681818 0.0648396
0 0.0972594 0.316845 0.0715241 0.0695187
0 0.414104 0.274733 0.0661765 0.0628342
0 0.699532 0.270388 0.0808824 0.0822193
0 0.865308 0.706551 0.0755348 0.0721925
0 0.813837 0.367981 0.0688503 0.0688503
0 0.175802 0.362634 0.0708556 0.0701872
0 0.430481 0.638703 0.0695187 0.0701872
0 0.226939 0.588235 0.0648396 0.0641711
0 0.516043 0.436832 0.0708556 0.0675134
0 0.720254 0.799799 0.0875668 0.0701872
0 0.560495 0.641043 0.059492 0.0601604
0 0.339906 0.294786 0.084893 0.0868984
0 0.487634 0.0578209 0.0822193 0.0822193
0 0.402741 0.476939 0.0648396 0.0648396
0 0.569519 0.721925 0.0628342 0.0668449
0 0.879679 0.510361 0.0668449 0.0701872
0 0.574866 0.152741 0.0668449 0.0701872
0 0.952206 0.473596 0.084893 0.084893
0 0.849599 0.433489 0.0708556 0.0715241
0 0.910094 0.393717 0.0701872 0.0735294
0 0.30381 0.567513 0.0621658 0.0614973
0 0.284759 0.231618 0.0695187 0.0715241
0 0.643717 0.129011 0.0949198 0.100267
0 0.353275 0.21123 0.0808824 0.0762032
0 0.624332 0.816845 0.0762032 0.078877
0 0.371324 0.751337 0.072861 0.0641711
0 0.580548 0.0675134 0.0715241 0.0721925
0 0.21123 0.120321 0.078877 0.078877
0 0.429813 0.724599 0.0614973 0.0601604
0 0.507353 0.36631 0.0748663 0.0748663
0 0.911096 0.642045 0.0855615 0.0915775
0 0.371324 0.683155 0.0675134 0.0628342
0 0.652406 0.347594 0.0668449 0.0628342
0 0.940842 0.560829 0.0889037 0.0815508
0 0.782754 0.432152 0.0695187 0.0701872
0 0.714572 0.554813 0.0775401 0.0695187
0 0.851938 0.584559 0.0715241 0.0715241
0 0.420789 0.54111 0.0915775 0.0875668
0 0.168449 0.281083 0.0935829 0.084893
0 0.574866 0.392714 0.0668449 0.0701872
0 0.76504 0.614973 0.084893 0.0828877
0 0.589906 0.567179 0.0915775 0.0929144
0 0.510361 0.568182 0.0715241 0.0708556
0 0.450201 0.416444 0.0675134 0.0628342
0 0.356283 0.61865 0.0681818 0.0675134
0 0.66611 0.437834 0.0795455 0.0748663
0 0.0979278 0.455214 0.0741979 0.0708556
0 0.768382 0.216912 0.0822193 0.0795455
0 0.431484 0.792112 0.0755348 0.0681818
0 0.667447 0.507687 0.072861 0.0715241
0 0.589572 0.467246 0.0721925 0.0695187
0 0.236297 0.392714 0.0715241 0.0701872
0 0.277406 0.153743 0.0708556 0.0735294
0 0.678476 0.622326 0.0708556 0.0681818
0 0.281083 0.635361 0.0701872 0.0715241
0 0.718917 0.385027 0.0715241 0.0695187
0 0.342914 0.0514706 0.078877 0.0802139
0 0.25869 0.509692 0.0735294 0.0715241
0 0.462233 0.219251 0.0768717 0.0735294
0 0.305147 0.722594 0.0875668 0.0815508
0 0.367981 0.409425 0.0795455 0.0755348
0 0.407754 0.345922 0.0775401 0.0715241
0 0.639706 0.729947 0.078877 0.078877
0 0.527406 0.506016 0.0735294 0.0708556
0 0.293115 0.442513 0.0822193 0.0802139
0 0.826537 0.659091 0.0782086 0.0762032
0 0.189171 0.455214 0.0828877 0.0775401
0 0.118316 0.120655 0.0213904 0.0207219
0 0.0695187 0.212901 0.0173797 0.0180481
0 0.0762032 0.132019 0.0187166 0.019385
0 0.0183824 0.175468 0.0180481 0.0207219
0 0.0778743 0.191176 0.0233957 0.0227273
0 0.823195 0.274064 0.0675134 0.0641711
0 0.132353 0.220254 0.0681818 0.0768717
0 0.880348 0.325201 0.0909091 0.084893
0 0.162767 0.167781 0.0701872 0.0708556
0 0.723596 0.675134 0.0715241 0.0628342
0 0.74766 0.500334 0.0715241 0.0648396
0 0.775067 0.714572 0.0768717 0.0681818
0 0.746992 0.324198 0.0648396 0.0681818
0 0.314505 0.796123 0.0741979 0.0762032
0 0.787099 0.547126 0.0621658 0.0568182
0 0.232286 0.734626 0.0688503 0.0708556
0 0.59492 0.262366 0.0668449 0.0661765
0 0.175134 0.540775 0.0628342 0.0588235
0 0.811163 0.491644 0.0621658 0.0608289
0 0.493316 0.739639 0.0721925 0.0755348
0 0.276738 0.0825535 0.0628342 0.0715241
0 0.649064 0.216243 0.0708556 0.0675134
0 0.587567 0.327206 0.065508 0.0635027
0 0.0772059 0.376003 0.0661765 0.0675134
0 0.222259 0.666778 0.0635027 0.0648396
0 0.115307 0.521725 0.0741979 0.0755348
0 0.711898 0.175468 0.0735294 0.0741979
0 0.143717 0.599933 0.0775401 0.0755348
0 0.502005 0.287767 0.0748663 0.0782086
0 0.415107 0.0852273 0.0721925 0.0768717
0 0.261698 0.318182 0.084893 0.078877
0 0.400735 0.162099 0.0715241 0.0675134
0 0.809158 0.772059 0.059492 0.0534759
0 0.493984 0.138369 0.0735294 0.0762032
0 0.537099 0.221591 0.0808824 0.0822193
0 0.552808 0.798128 0.0668449 0.0735294
0 0.483957 0.674131 0.0815508 0.072861
0 0.212901 0.21992 0.0835562 0.0775401
0 0.311163 0.369652 0.0715241 0.0681818
0 0.622326 0.659759 0.0681818 0.0641711
0 0.335561 0.501003 0.0681818 0.0648396
0 0.0972594 0.316845 0.0715241 0.0695187
0 0.414104 0.274733 0.0661765 0.0628342
0 0.699532 0.270388 0.0808824 0.0822193
0 0.865308 0.706551 0.0755348 0.0721925
0 0.813837 0.367981 0.0688503 0.0688503
0 0.175802 0.362634 0.0708556 0.0701872
0 0.430481 0.638703 0.0695187 0.0701872
0 0.226939 0.588235 0.0648396 0.0641711
0 0.516043 0.436832 0.0708556 0.0675134
0 0.720254 0.799799 0.0875668 0.0701872
0 0.560495 0.641043 0.059492 0.0601604
0 0.339906 0.294786 0.084893 0.0868984
0 0.487634 0.0578209 0.0822193 0.0822193
0 0.402741 0.476939 0.0648396 0.0648396
0 0.569519 0.721925 0.0628342 0.0668449
0 0.879679 0.510361 0.0668449 0.0701872
0 0.574866 0.152741 0.0668449 0.0701872
0 0.952206 0.473596 0.084893 0.084893
0 0.849599 0.433489 0.0708556 0.0715241
0 0.910094 0.393717 0.0701872 0.0735294
0 0.30381 0.567513 0.0621658 0.0614973
0 0.284759 0.231618 0.0695187 0.0715241
0 0.643717 0.129011 0.0949198 0.100267
0 0.353275 0.21123 0.0808824 0.0762032
0 0.624332 0.816845 0.0762032 0.078877
0 0.371324 0.751337 0.072861 0.0641711
0 0.580548 0.0675134 0.0715241 0.0721925
0 0.21123 0.120321 0.078877 0.078877
0 0.429813 0.724599 0.0614973 0.0601604
0 0.507353 0.36631 0.0748663 0.0748663
0 0.911096 0.642045 0.0855615 0.0915775
0 0.371324 0.683155 0.0675134 0.0628342
0 0.652406 0.347594 0.0668449 0.0628342
0 0.940842 0.560829 0.0889037 0.0815508
0 0.782754 0.432152 0.0695187 0.0701872
0 0.714572 0.554813 0.0775401 0.0695187
0 0.851938 0.584559 0.0715241 0.0715241
0 0.420789 0.54111 0.0915775 0.0875668
0 0.168449 0.281083 0.0935829 0.084893
0 0.574866 0.392714 0.0668449 0.0701872
0 0.76504 0.614973 0.084893 0.0828877
0 0.589906 0.567179 0.0915775 0.0929144
0 0.510361 0.568182 0.0715241 0.0708556
0 0.450201 0.416444 0.0675134 0.0628342
0 0.356283 0.61865 0.0681818 0.0675134
0 0.66611 0.437834 0.0795455 0.0748663
0 0.0979278 0.455214 0.0741979 0.0708556
0 0.768382 0.216912 0.0822193 0.0795455
0 0.431484 0.792112 0.0755348 0.0681818
0 0.667447 0.507687 0.072861 0.0715241
0 0.589572 0.467246 0.0721925 0.0695187
0 0.236297 0.392714 0.0715241 0.0701872
0 0.277406 0.153743 0.0708556 0.0735294
0 0.678476 0.622326 0.0708556 0.0681818
0 0.281083 0.635361 0.0701872 0.0715241
0 0.718917 0.385027 0.0715241 0.0695187
0 0.342914 0.0514706 0.078877 0.0802139
0 0.25869 0.509692 0.0735294 0.0715241
0 0.462233 0.219251 0.0768717 0.0735294
0 0.305147 0.722594 0.0875668 0.0815508
0 0.367981 0.409425 0.0795455 0.0755348
0 0.407754 0.345922 0.0775401 0.0715241
0 0.639706 0.729947 0.078877 0.078877
0 0.527406 0.506016 0.0735294 0.0708556
0 0.293115 0.442513 0.0822193 0.0802139
0 0.826537 0.659091 0.0782086 0.0762032
0 0.189171 0.455214 0.0828877 0.0775401
0 0.118316 0.120655 0.0213904 0.0207219
0 0.0695187 0.212901 0.0173797 0.0180481
0 0.0762032 0.132019 0.0187166 0.019385
0 0.0183824 0.175468 0.0180481 0.0207219
0 0.0778743 0.191176 0.0233957 0.0227273
0 0.823195 0.274064 0.0675134 0.0641711
0 0.132353 0.220254 0.0681818 0.0768717
0 0.880348 0.325201 0.0909091 0.084893
0 0.162767 0.167781 0.0701872 0.0708556
0 0.723596 0.675134 0.0715241 0.0628342
0 0.74766 0.500334 0.0715241 0.0648396
0 0.775067 0.714572 0.0768717 0.0681818
0 0.746992 0.324198 0.0648396 0.0681818
0 0.314505 0.796123 0.0741979 0.0762032
0 0.787099 0.547126 0.0621658 0.0568182
0 0.232286 0.734626 0.0688503 0.0708556
0 0.59492 0.262366 0.0668449 0.0661765
0 0.175134 0.540775 0.0628342 0.0588235
0 0.811163 0.491644 0.0621658 0.0608289
0 0.493316 0.739639 0.0721925 0.0755348
0 0.276738 0.0825535 0.0628342 0.0715241
0 0.649064 0.216243 0.0708556 0.0675134
0 0.587567 0.327206 0.065508 0.0635027
0 0.0772059 0.376003 0.0661765 0.0675134
0 0.222259 0.666778 0.0635027 0.0648396
0 0.115307 0.521725 0.0741979 0.0755348
0 0.711898 0.175468 0.0735294 0.0741979
0 0.143717 0.599933 0.0775401 0.0755348
0 0.502005 0.287767 0.0748663 0.0782086
0 0.415107 0.0852273 0.0721925 0.0768717
0 0.261698 0.318182 0.084893 0.078877
0 0.400735 0.162099 0.0715241 0.0675134
0 0.809158 0.772059 0.059492 0.0534759
0 0.493984 0.138369 0.0735294 0.0762032
0 0.537099 0.221591 0.0808824 0.0822193
0 0.552808 0.798128 0.0668449 0.0735294
0 0.483957 0.674131 0.0815508 0.072861
0 0.212901 0.21992 0.0835562 0.0775401
0 0.311163 0.369652 0.0715241 0.0681818
0 0.622326 0.659759 0.0681818 0.0641711
0 0.335561 0.501003 0.0681818 0.0648396
0 0.0972594 0.316845 0.0715241 0.0695187
0 0.414104 0.274733 0.0661765 0.0628342
0 0.699532 0.270388 0.0808824 0.0822193
0 0.865308 0.706551 0.0755348 0.0721925
0 0.813837 0.367981 0.0688503 0.0688503
0 0.175802 0.362634 0.0708556 0.0701872
0 0.430481 0.638703 0.0695187 0.0701872
0 0.226939 0.588235 0.0648396 0.0641711
0 0.516043 0.436832 0.0708556 0.0675134
0 0.720254 0.799799 0.0875668 0.0701872
0 0.560495 0.641043 0.059492 0.0601604
0 0.339906 0.294786 0.084893 0.0868984
0 0.487634 0.0578209 0.0822193 0.0822193
0 0.402741 0.476939 0.0648396 0.0648396
0 0.569519 0.721925 0.0628342 0.0668449
0 0.879679 0.510361 0.0668449 0.0701872
0 0.574866 0.152741 0.0668449 0.0701872
0 0.952206 0.473596 0.084893 0.084893
0 0.849599 0.433489 0.0708556 0.0715241
0 0.910094 0.393717 0.0701872 0.0735294
0 0.30381 0.567513 0.0621658 0.0614973
0 0.284759 0.231618 0.0695187 0.0715241
0 0.643717 0.129011 0.0949198 0.100267
0 0.353275 0.21123 0.0808824 0.0762032
0 0.624332 0.816845 0.0762032 0.078877
0 0.371324 0.751337 0.072861 0.0641711
0 0.580548 0.0675134 0.0715241 0.0721925
0 0.21123 0.120321 0.078877 0.078877
0 0.429813 0.724599 0.0614973 0.0601604
0 0.507353 0.36631 0.0748663 0.0748663
0 0.911096 0.642045 0.0855615 0.0915775
0 0.371324 0.683155 0.0675134 0.0628342
0 0.652406 0.347594 0.0668449 0.0628342
0 0.940842 0.560829 0.0889037 0.0815508
0 0.782754 0.432152 0.0695187 0.0701872
0 0.714572 0.554813 0.0775401 0.0695187
0 0.851938 0.584559 0.0715241 0.0715241
0 0.420789 0.54111 0.0915775 0.0875668
0 0.168449 0.281083 0.0935829 0.084893
0 0.574866 0.392714 0.0668449 0.0701872
0 0.76504 0.614973 0.084893 0.0828877
0 0.589906 0.567179 0.0915775 0.0929144
0 0.510361 0.568182 0.0715241 0.0708556
0 0.450201 0.416444 0.0675134 0.0628342
0 0.356283 0.61865 0.0681818 0.0675134
0 0.66611 0.437834 0.0795455 0.0748663
0 0.0979278 0.455214 0.0741979 0.0708556
0 0.768382 0.216912 0.0822193 0.0795455
0 0.431484 0.792112 0.0755348 0.0681818
0 0.667447 0.507687 0.072861 0.0715241
0 0.589572 0.467246 0.0721925 0.0695187
0 0.236297 0.392714 0.0715241 0.0701872
0 0.277406 0.153743 0.0708556 0.0735294
0 0.678476 0.622326 0.0708556 0.0681818
0 0.281083 0.635361 0.0701872 0.0715241
0 0.718917 0.385027 0.0715241 0.0695187
0 0.342914 0.0514706 0.078877 0.0802139
0 0.25869 0.509692 0.0735294 0.0715241
0 0.462233 0.219251 0.0768717 0.0735294
0 0.305147 0.722594 0.0875668 0.0815508
0 0.367981 0.409425 0.0795455 0.0755348
0 0.407754 0.345922 0.0775401 0.0715241
0 0.639706 0.729947 0.078877 0.078877
0 0.527406 0.506016 0.0735294 0.0708556
0 0.293115 0.442513 0.0822193 0.0802139
0 0.826537 0.659091 0.0782086 0.0762032
0 0.189171 0.455214 0.0828877 0.0775401
0 0.118316 0.120655 0.0213904 0.0207219
0 0.0695187 0.212901 0.0173797 0.0180481
0 0.0762032 0.132019 0.0187166 0.019385
0 0.0183824 0.175468 0.0180481 0.0207219
0 0.0778743 0.191176 0.0233957 0.0227273
0 0.823195 0.274064 0.0675134 0.0641711
0 0.132353 0.220254 0.0681818 0.0768717
0 0.880348 0.325201 0.0909091 0.084893
0 0.162767 0.167781 0.0701872 0.0708556
0 0.723596 0.675134 0.0715241 0.0628342
0 0.74766 0.500334 0.0715241 0.0648396
0 0.775067 0.714572 0.0768717 0.0681818
0 0.746992 0.324198 0.0648396 0.0681818
0 0.314505 0.796123 0.0741979 0.0762032
0 0.787099 0.547126 0.0621658 0.0568182
0 0.232286 0.734626 0.0688503 0.0708556
0 0.59492 0.262366 0.0668449 0.0661765
0 0.175134 0.540775 0.0628342 0.0588235
0 0.811163 0.491644 0.0621658 0.0608289
0 0.493316 0.739639 0.0721925 0.0755348
0 0.276738 0.0825535 0.0628342 0.0715241
0 0.649064 0.216243 0.0708556 0.0675134
0 0.587567 0.327206 0.065508 0.0635027
0 0.0772059 0.376003 0.0661765 0.0675134
0 0.222259 0.666778 0.0635027 0.0648396
0 0.115307 0.521725 0.0741979 0.0755348
0 0.711898 0.175468 0.0735294 0.0741979
0 0.143717 0.599933 0.0775401 0.0755348
0 0.502005 0.287767 0.0748663 0.0782086
0 0.415107 0.0852273 0.0721925 0.0768717
0 0.261698 0.318182 0.084893 0.078877
0 0.400735 0.162099 0.0715241 0.0675134
0 0.809158 0.772059 0.059492 0.0534759
0 0.493984 0.138369 0.0735294 0.0762032
0 0.537099 0.221591 0.0808824 0.0822193
0 0.552808 0.798128 0.0668449 0.0735294
0 0.483957 0.674131 0.0815508 0.072861
0 0.212901 0.21992 0.0835562 0.0775401
0 0.311163 0.369652 0.0715241 0.0681818
0 0.622326 0.659759 0.0681818 0.0641711
0 0.335561 0.501003 0.0681818 0.0648396
0 0.0972594 0.316845 0.0715241 0.0695187
0 0.414104 0.274733 0.0661765 0.0628342
0 0.699532 0.270388 0.0808824 0.0822193
0 0.865308 0.706551 0.0755348 0.0721925
0 0.813837 0.367981 0.0688503 0.0688503
0 0.175802 0.362634 0.0708556 0.0701872
0 0.430481 0.638703 0.0695187 0.0701872
0 0.226939 0.588235 0.0648396 0.0641711
0 0.516043 0.436832 0.0708556 0.0675134
0 0.720254 0.799799 0.0875668 0.0701872
0 0.560495 0.641043 0.059492 0.0601604
0 0.339906 0.294786 0.084893 0.0868984
0 0.487634 0.0578209 0.0822193 0.0822193
0 0.402741 0.476939 0.0648396 0.0648396
0 0.569519 0.721925 0.0628342 0.0668449
0 0.879679 0.510361 0.0668449 0.0701872
0 0.574866 0.152741 0.0668449 0.0701872
0 0.952206 0.473596 0.084893 0.084893
0 0.849599 0.433489 0.0708556 0.0715241
0 0.910094 0.393717 0.0701872 0.0735294
0 0.30381 0.567513 0.0621658 0.0614973
0 0.284759 0.231618 0.0695187 0.0715241
0 0.643717 0.129011 0.0949198 0.100267
0 0.353275 0.21123 0.0808824 0.0762032
0 0.624332 0.816845 0.0762032 0.078877
0 0.371324 0.751337 0.072861 0.0641711
0 0.580548 0.0675134 0.0715241 0.0721925
0 0.21123 0.120321 0.078877 0.078877
0 0.429813 0.724599 0.0614973 0.0601604
0 0.507353 0.36631 0.0748663 0.0748663
0 0.911096 0.642045 0.0855615 0.0915775
0 0.371324 0.683155 0.0675134 0.0628342
0 0.652406 0.347594 0.0668449 0.0628342
0 0.940842 0.560829 0.0889037 0.0815508
0 0.782754 0.432152 0.0695187 0.0701872
0 0.714572 0.554813 0.0775401 0.0695187
0 0.851938 0.584559 0.0715241 0.0715241
0 0.420789 0.54111 0.0915775 0.0875668
0 0.168449 0.281083 0.0935829 0.084893
0 0.574866 0.392714 0.0668449 0.0701872
0 0.76504 0.614973 0.084893 0.0828877
0 0.589906 0.567179 0.0915775 0.0929144
0 0.510361 0.568182 0.0715241 0.0708556
0 0.450201 0.416444 0.0675134 0.0628342
0 0.356283 0.61865 0.0681818 0.0675134
0 0.66611 0.437834 0.0795455 0.0748663
0 0.0979278 0.455214 0.0741979 0.0708556
0 0.768382 0.216912 0.0822193 0.0795455
0 0.431484 0.792112 0.0755348 0.0681818
0 0.667447 0.507687 0.072861 0.0715241
0 0.589572 0.467246 0.0721925 0.0695187
0 0.236297 0.392714 0.0715241 0.0701872
0 0.277406 0.153743 0.0708556 0.0735294
0 0.678476 0.622326 0.0708556 0.0681818
0 0.281083 0.635361 0.0701872 0.0715241
0 0.718917 0.385027 0.0715241 0.0695187
0 0.342914 0.0514706 0.078877 0.0802139
0 0.25869 0.509692 0.0735294 0.0715241
0 0.462233 0.219251 0.0768717 0.0735294
0 0.305147 0.722594 0.0875668 0.0815508
0 0.367981 0.409425 0.0795455 0.0755348
0 0.407754 0.345922 0.0775401 0.0715241
0 0.639706 0.729947 0.078877 0.078877
0 0.527406 0.506016 0.0735294 0.0708556
0 0.293115 0.442513 0.0822193 0.0802139
0 0.826537 0.659091 0.0782086 0.0762032
0 0.189171 0.455214 0.0828877 0.0775401
0 0.118316 0.120655 0.0213904 0.0207219
0 0.0695187 0.212901 0.0173797 0.0180481
0 0.0762032 0.132019 0.0187166 0.019385
0 0.0183824 0.175468 0.0180481 0.0207219
0 0.0778743 0.191176 0.0233957 0.0227273
0 0.823195 0.274064 0.0675134 0.0641711
0 0.132353 0.220254 0.0681818 0.0768717
0 0.880348 0.325201 0.0909091 0.084893
0 0.162767 0.167781 0.0701872 0.0708556
0 0.723596 0.675134 0.0715241 0.0628342
0 0.74766 0.500334 0.0715241 0.0648396
0 0.775067 0.714572 0.0768717 0.0681818
0 0.746992 0.324198 0.0648396 0.0681818
0 0.314505 0.796123 0.0741979 0.0762032
0 0.787099 0.547126 0.0621658 0.0568182
0 0.232286 0.734626 0.0688503 0.0708556
0 0.59492 0.262366 0.0668449 0.0661765
0 0.175134 0.540775 0.0628342 0.0588235
0 0.811163 0.491644 0.0621658 0.0608289
0 0.493316 0.739639 0.0721925 0.0755348
0 0.276738 0.0825535 0.0628342 0.0715241
0 0.649064 0.216243 0.0708556 0.0675134
0 0.587567 0.327206 0.065508 0.0635027
0 0.0772059 0.376003 0.0661765 0.0675134
0 0.222259 0.666778 0.0635027 0.0648396
0 0.115307 0.521725 0.0741979 0.0755348
0 0.711898 0.175468 0.0735294 0.0741979
0 0.143717 0.599933 0.0775401 0.0755348
0 0.502005 0.287767 0.0748663 0.0782086
0 0.415107 0.0852273 0.0721925 0.0768717
0 0.261698 0.318182 0.084893 0.078877
0 0.400735 0.162099 0.0715241 0.0675134
0 0.809158 0.772059 0.059492 0.0534759
0 0.493984 0.138369 0.0735294 0.0762032
0 0.537099 0.221591 0.0808824 0.0822193
0 0.552808 0.798128 0.0668449 0.0735294
0 0.483957 0.674131 0.0815508 0.072861
0 0.212901 0.21992 0.0835562 0.0775401
0 0.311163 0.369652 0.0715241 0.0681818
0 0.622326 0.659759 0.0681818 0.0641711
0 0.335561 0.501003 0.0681818 0.0648396
0 0.0972594 0.316845 0.0715241 0.0695187
0 0.414104 0.274733 0.0661765 0.0628342
0 0.699532 0.270388 0.0808824 0.0822193
0 0.865308 0.706551 0.0755348 0.0721925
0 0.813837 0.367981 0.0688503 0.0688503
0 0.175802 0.362634 0.0708556 0.0701872
0 0.430481 0.638703 0.0695187 0.0701872
0 0.226939 0.588235 0.0648396 0.0641711
0 0.516043 0.436832 0.0708556 0.0675134
0 0.720254 0.799799 0.0875668 0.0701872
0 0.560495 0.641043 0.059492 0.0601604
0 0.339906 0.294786 0.084893 0.0868984
0 0.487634 0.0578209 0.0822193 0.0822193
0 0.402741 0.476939 0.0648396 0.0648396
0 0.569519 0.721925 0.0628342 0.0668449
0 0.879679 0.510361 0.0668449 0.0701872
0 0.574866 0.152741 0.0668449 0.0701872
0 0.952206 0.473596 0.084893 0.084893
0 0.849599 0.433489 0.0708556 0.0715241
0 0.910094 0.393717 0.0701872 0.0735294
0 0.30381 0.567513 0.0621658 0.0614973
0 0.284759 0.231618 0.0695187 0.0715241
0 0.643717 0.129011 0.0949198 0.100267
0 0.353275 0.21123 0.0808824 0.0762032
0 0.624332 0.816845 0.0762032 0.078877
0 0.371324 0.751337 0.072861 0.0641711
0 0.580548 0.0675134 0.0715241 0.0721925
0 0.21123 0.120321 0.078877 0.078877
0 0.429813 0.724599 0.0614973 0.0601604
0 0.507353 0.36631 0.0748663 0.0748663
0 0.911096 0.642045 0.0855615 0.0915775
0 0.371324 0.683155 0.0675134 0.0628342
0 0.652406 0.347594 0.0668449 0.0628342
0 0.940842 0.560829 0.0889037 0.0815508
0 0.782754 0.432152 0.0695187 0.0701872
0 0.714572 0.554813 0.0775401 0.0695187
0 0.851938 0.584559 0.0715241 0.0715241
0 0.420789 0.54111 0.0915775 0.0875668
0 0.168449 0.281083 0.0935829 0.084893
0 0.574866 0.392714 0.0668449 0.0701872
0 0.76504 0.614973 0.084893 0.0828877
0 0.589906 0.567179 0.0915775 0.0929144
0 0.510361 0.568182 0.0715241 0.0708556
0 0.450201 0.416444 0.0675134 0.0628342
0 0.356283 0.61865 0.0681818 0.0675134
0 0.66611 0.437834 0.0795455 0.0748663
0 0.0979278 0.455214 0.0741979 0.0708556
0 0.768382 0.216912 0.0822193 0.0795455
0 0.431484 0.792112 0.0755348 0.0681818
0 0.667447 0.507687 0.072861 0.0715241
0 0.589572 0.467246 0.0721925 0.0695187
0 0.236297 0.392714 0.0715241 0.0701872
0 0.277406 0.153743 0.0708556 0.0735294
0 0.678476 0.622326 0.0708556 0.0681818
0 0.281083 0.635361 0.0701872 0.0715241
0 0.718917 0.385027 0.0715241 0.0695187
0 0.342914 0.0514706 0.078877 0.0802139
0 0.25869 0.509692 0.0735294 0.0715241
0 0.462233 0.219251 0.0768717 0.0735294
0 0.305147 0.722594 0.0875668 0.0815508
0 0.367981 0.409425 0.0795455 0.0755348
0 0.407754 0.345922 0.0775401 0.0715241
0 0.639706 0.729947 0.078877 0.078877
0 0.527406 0.506016 0.0735294 0.0708556
0 0.293115 0.442513 0.0822193 0.0802139
0 0.826537 0.659091 0.0782086 0.0762032
0 0.189171 0.455214 0.0828877 0.0775401
0 0.118316 0.120655 0.0213904 0.0207219
0 0.0695187 0.212901 0.0173797 0.0180481
0 0.0762032 0.132019 0.0187166 0.019385
0 0.0183824 0.175468 0.0180481 0.0207219
0 0.0778743 0.191176 0.0233957 0.0227273
0 0.823195 0.274064 0.0675134 0.0641711
0 0.132353 0.220254 0.0681818 0.0768717
0 0.880348 0.325201 0.0909091 0.084893
0 0.162767 0.167781 0.0701872 0.0708556
0 0.723596 0.675134 0.0715241 0.0628342
0 0.74766 0.500334 0.0715241 0.0648396
0 0.775067 0.714572 0.0768717 0.0681818
0 0.746992 0.324198 0.0648396 0.0681818
0 0.314505 0.796123 0.0741979 0.0762032
0 0.787099 0.547126 0.0621658 0.0568182
0 0.232286 0.734626 0.0688503 0.0708556
0 0.59492 0.262366 0.0668449 0.0661765
0 0.175134 0.540775 0.0628342 0.0588235
0 0.811163 0.491644 0.0621658 0.0608289
0 0.493316 0.739639 0.0721925 0.0755348
0 0.276738 0.0825535 0.0628342 0.0715241
0 0.649064 0.216243 0.0708556 0.0675134
0 0.587567 0.327206 0.065508 0.0635027
0 0.0772059 0.376003 0.0661765 0.0675134
0 0.222259 0.666778 0.0635027 0.0648396
0 0.115307 0.521725 0.0741979 0.0755348
0 0.711898 0.175468 0.0735294 0.0741979
0 0.143717 0.599933 0.0775401 0.0755348
0 0.502005 0.287767 0.0748663 0.0782086
0 0.415107 0.0852273 0.0721925 0.0768717
0 0.261698 0.318182 0.084893 0.078877
0 0.400735 0.162099 0.0715241 0.0675134
0 0.809158 0.772059 0.059492 0.0534759
0 0.493984 0.138369 0.0735294 0.0762032
0 0.537099 0.221591 0.0808824 0.0822193
0 0.552808 0.798128 0.0668449 0.0735294
0 0.483957 0.674131 0.0815508 0.072861
0 0.212901 0.21992 0.0835562 0.0775401
0 0.311163 0.369652 0.0715241 0.0681818
0 0.622326 0.659759 0.0681818 0.0641711
0 0.335561 0.501003 0.0681818 0.0648396
0 0.0972594 0.316845 0.0715241 0.0695187
0 0.414104 0.274733 0.0661765 0.0628342
0 0.699532 0.270388 0.0808824 0.0822193
0 0.865308 0.706551 0.0755348 0.0721925
0 0.813837 0.367981 0.0688503 0.0688503
0 0.175802 0.362634 0.0708556 0.0701872
0 0.430481 0.638703 0.0695187 0.0701872
0 0.226939 0.588235 0.0648396 0.0641711
0 0.516043 0.436832 0.0708556 0.0675134
0 0.720254 0.799799 0.0875668 0.0701872
0 0.560495 0.641043 0.059492 0.0601604
0 0.339906 0.294786 0.084893 0.0868984
0 0.487634 0.0578209 0.0822193 0.0822193
0 0.402741 0.476939 0.0648396 0.0648396
0 0.569519 0.721925 0.0628342 0.0668449
0 0.879679 0.510361 0.0668449 0.0701872
0 0.574866 0.152741 0.0668449 0.0701872
0 0.952206 0.473596 0.084893 0.084893
0 0.849599 0.433489 0.0708556 0.0715241
0 0.910094 0.393717 0.0701872 0.0735294
0 0.30381 0.567513 0.0621658 0.0614973
0 0.284759 0.231618 0.0695187 0.0715241
0 0.643717 0.129011 0.0949198 0.100267
0 0.353275 0.21123 0.0808824 0.0762032
0 0.624332 0.816845 0.0762032 0.078877
0 0.371324 0.751337 0.072861 0.0641711
0 0.580548 0.0675134 0.0715241 0.0721925
0 0.21123 0.120321 0.078877 0.078877
0 0.429813 0.724599 0.0614973 0.0601604
0 0.507353 0.36631 0.0748663 0.0748663
0 0.911096 0.642045 0.0855615 0.0915775
0 0.371324 0.683155 0.0675134 0.0628342
0 0.652406 0.347594 0.0668449 0.0628342
0 0.940842 0.560829 0.0889037 0.0815508
0 0.782754 0.432152 0.0695187 0.0701872
0 0.714572 0.554813 0.0775401 0.0695187
0 0.851938 0.584559 0.0715241 0.0715241
0 0.420789 0.54111 0.0915775 0.0875668
0 0.168449 0.281083 0.0935829 0.084893
0 0.574866 0.392714 0.0668449 0.0701872
0 0.76504 0.614973 0.084893 0.0828877
0 0.589906 0.567179 0.0915775 0.0929144
0 0.510361 0.568182 0.0715241 0.0708556
0 0.450201 0.416444 0.0675134 0.0628342
0 0.356283 0.61865 0.0681818 0.0675134
0 0.66611 0.437834 0.0795455 0.0748663
0 0.0979278 0.455214 0.0741979 0.0708556
0 0.768382 0.216912 0.0822193 0.0795455
0 0.431484 0.792112 0.0755348 0.0681818
0 0.667447 0.507687 0.072861 0.0715241
0 0.589572 0.467246 0.0721925 0.0695187
0 0.236297 0.392714 0.0715241 0.0701872
0 0.277406 0.153743 0.0708556 0.0735294
0 0.678476 0.622326 0.0708556 0.0681818
0 0.281083 0.635361 0.0701872 0.0715241
0 0.718917 0.385027 0.0715241 0.0695187
0 0.342914 0.0514706 0.078877 0.0802139
0 0.25869 0.509692 0.0735294 0.0715241
0 0.462233 0.219251 0.0768717 0.0735294
0 0.305147 0.722594 0.0875668 0.0815508
0 0.367981 0.409425 0.0795455 0.0755348
0 0.407754 0.345922 0.0775401 0.0715241
0 0.639706 0.729947 0.078877 0.078877
0 0.527406 0.506016 0.0735294 0.0708556
0 0.293115 0.442513 0.0822193 0.0802139
0 0.826537 0.659091 0.0782086 0.0762032
0 0.189171 0.455214 0.0828877 0.0775401
0 0.118316 0.120655 0.0213904 0.0207219
0 0.0695187 0.212901 0.0173797 0.0180481
0 0.0762032 0.132019 0.0187166 0.019385
0 0.0183824 0.175468 0.0180481 0.0207219
0 0.0778743 0.191176 0.0233957 0.0227273
0 0.823195 0.274064 0.0675134 0.0641711
0 0.132353 0.220254 0.0681818 0.0768717
0 0.880348 0.325201 0.0909091 0.084893
0 0.162767 0.167781 0.0701872 0.0708556
0 0.723596 0.675134 0.0715241 0.0628342
0 0.74766 0.500334 0.0715241 0.0648396
0 0.775067 0.714572 0.0768717 0.0681818
0 0.746992 0.324198 0.0648396 0.0681818
0 0.314505 0.796123 0.0741979 0.0762032
0 0.787099 0.547126 0.0621658 0.0568182
0 0.232286 0.734626 0.0688503 0.0708556
0 0.59492 0.262366 0.0668449 0.0661765
0 0.175134 0.540775 0.0628342 0.0588235
0 0.811163 0.491644 0.0621658 0.0608289
0 0.493316 0.739639 0.0721925 0.0755348
0 0.276738 0.0825535 0.0628342 0.0715241
0 0.649064 0.216243 0.0708556 0.0675134
0 0.587567 0.327206 0.065508 0.0635027
0 0.0772059 0.376003 0.0661765 0.0675134
0 0.222259 0.666778 0.0635027 0.0648396
0 0.115307 0.521725 0.0741979 0.0755348
0 0.711898 0.175468 0.0735294 0.0741979
0 0.143717 0.599933 0.0775401 0.0755348
0 0.502005 0.287767 0.0748663 0.0782086
0 0.415107 0.0852273 0.0721925 0.0768717
0 0.261698 0.318182 0.084893 0.078877
0 0.400735 0.162099 0.0715241 0.0675134
0 0.809158 0.772059 0.059492 0.0534759
0 0.493984 0.138369 0.0735294 0.0762032
0 0.537099 0.221591 0.0808824 0.0822193
0 0.552808 0.798128 0.0668449 0.0735294
0 0.483957 0.674131 0.0815508 0.072861
0 0.212901 0.21992 0.0835562 0.0775401
0 0.311163 0.369652 0.0715241 0.0681818
0 0.622326 0.659759 0.0681818 0.0641711
0 0.335561 0.501003 0.0681818 0.0648396
0 0.0972594 0.316845 0.0715241 0.0695187
0 0.414104 0.274733 0.0661765 0.0628342
0 0.699532 0.270388 0.0808824 0.0822193
0 0.865308 0.706551 0.0755348 0.0721925
0 0.813837 0.367981 0.0688503 0.0688503
0 0.175802 0.362634 0.0708556 0.0701872
0 0.430481 0.638703 0.0695187 0.0701872
0 0.226939 0.588235 0.0648396 0.0641711
0 0.516043 0.436832 0.0708556 0.0675134
0 0.720254 0.799799 0.0875668 0.0701872
0 0.560495 0.641043 0.059492 0.0601604
0 0.339906 0.294786 0.084893 0.0868984
0 0.487634 0.0578209 0.0822193 0.0822193
0 0.402741 0.476939 0.0648396 0.0648396
0 0.569519 0.721925 0.0628342 0.0668449
0 0.879679 0.510361 0.0668449 0.0701872
0 0.574866 0.152741 0.0668449 0.0701872
0 0.952206 0.473596 0.084893 0.084893
0 0.849599 0.433489 0.0708556 0.0715241
0 0.910094 0.393717 0.0701872 0.0735294
0 0.30381 0.567513 0.0621658 0.0614973
0 0.284759 0.231618 0.0695187 0.0715241
0 0.643717 0.129011 0.0949198 0.100267
0 0.353275 0.21123 0.0808824 0.0762032
0 0.624332 0.816845 0.0762032 0.078877
0 0.371324 0.751337 0.072861 0.0641711
0 0.580548 0.0675134 0.0715241 0.0721925
0 0.21123 0.120321 0.078877 0.078877
0 0.429813 0.724599 0.0614973 0.0601604
0 0.507353 0.36631 0.0748663 0.0748663
0 0.911096 0.642045 0.0855615 0.0915775
0 0.371324 0.683155 0.0675134 0.0628342
0 0.652406 0.347594 0.0668449 0.0628342
0 0.940842 0.560829 0.0889037 0.0815508
0 0.782754 0.432152 0.0695187 0.0701872
0 0.714572 0.554813 0.0775401 0.0695187
0 0.851938 0.584559 0.0715241 0.0715241
0 0.420789 0.54111 0.0915775 0.0875668
0 0.168449 0.281083 0.0935829 0.084893
0 0.574866 0.392714 0.0668449 0.0701872
0 0.76504 0.614973 0.084893 0.0828877
0 0.589906 0.567179 0.0915775 0.0929144
0 0.510361 0.568182 0.0715241 0.0708556
0 0.450201 0.416444 0.0675134 0.0628342
0 0.356283 0.61865 0.0681818 0.0675134
0 0.66611 0.437834 0.0795455 0.0748663
0 0.0979278 0.455214 0.0741979 0.0708556
0 0.768382 0.216912 0.0822193 0.0795455
0 0.431484 0.792112 0.0755348 0.0681818
0 0.667447 0.507687 0.072861 0.0715241
0 0.589572 0.467246 0.0721925 0.0695187
0 0.236297 0.392714 0.0715241 0.0701872
0 0.277406 0.153743 0.0708556 0.0735294
0 0.678476 0.622326 0.0708556 0.0681818
0 0.281083 0.635361 0.0701872 0.0715241
0 0.718917 0.385027 0.0715241 0.0695187
0 0.342914 0.0514706 0.078877 0.0802139
0 0.25869 0.509692 0.0735294 0.0715241
0 0.462233 0.219251 0.0768717 0.0735294
0 0.305147 0.722594 0.0875668 0.0815508
0 0.367981 0.409425 0.0795455 0.0755348
0 0.407754 0.345922 0.0775401 0.0715241
0 0.639706 0.729947 0.078877 0.078877
0 0.527406 0.506016 0.0735294 0.0708556
0 0.293115 0.442513 0.0822193 0.0802139
0 0.826537 0.659091 0.0782086 0.0762032
0 0.189171 0.455214 0.0828877 0.0775401
