0 0.0273438 0.358594 0.0515625 0.210938
0 0.0640625 0.107031 0.128125 0.139062
0 0.0390625 0.589844 0.078125 0.160938
0 0.933594 0.710156 0.132812 0.173438
0 0.953906 0.5375 0.0921875 0.171875
0 0.951563 0.1875 0.096875 0.153125
0 0.736719 0.367969 0.132812 0.129688
0 0.410937 0.292188 0.134375 0.1375
0 0.788281 0.584375 0.160938 0.18125
0 0.623438 0.478906 0.146875 0.151562
0 0.128906 0.232812 0.182812 0.196875
0 0.132031 0.692187 0.151562 0.153125
0 0.651563 0.689062 0.1875 0.171875
0 0.489844 0.611719 0.148438 0.157813
0 0.436719 0.457031 0.185937 0.176563
0 0.2375 0.335938 0.178125 0.1875
0 0.73125 0.233594 0.14375 0.145313
0 0.591406 0.110937 0.157813 0.159375
0 0.86875 0.311719 0.15625 0.148438
0 0.59375 0.310156 0.165625 0.164062
0 0.347656 0.59375 0.167187 0.171875
