<<<<<<< HEAD
0 0.958222 0.387366 0.0835562 0.218583
0 0.531751 0.447527 0.93516 0.875
0 0.101604 0.179813 0.191176 0.212567
0 0.869318 0.197527 0.189171 0.170455
0 0.958222 0.387366 0.0835562 0.218583
0 0.531751 0.447527 0.93516 0.875
0 0.101604 0.179813 0.191176 0.212567
0 0.869318 0.197527 0.189171 0.170455
=======
0 0.0328125 0.486719 0.065625 0.392188
0 0.471875 0.358594 0.084375 0.0828125
0 0.776563 0.497656 0.409375 0.351562
0 0.296094 0.467969 0.423438 0.364062
>>>>>>> 9dc61231228332cdd0d165e5d21bc740c781f4ab
