0 0.958222 0.387366 0.0835562 0.218583
0 0.531751 0.447527 0.93516 0.875
0 0.101604 0.179813 0.191176 0.212567
0 0.869318 0.197527 0.189171 0.170455
0 0.958222 0.387366 0.0835562 0.218583
0 0.531751 0.447527 0.93516 0.875
0 0.101604 0.179813 0.191176 0.212567
0 0.869318 0.197527 0.189171 0.170455
0 0.958222 0.387366 0.0835562 0.218583
0 0.531751 0.447527 0.93516 0.875
0 0.101604 0.179813 0.191176 0.212567
0 0.869318 0.197527 0.189171 0.170455
0 0.958222 0.387366 0.0835562 0.218583
0 0.531751 0.447527 0.93516 0.875
0 0.101604 0.179813 0.191176 0.212567
0 0.869318 0.197527 0.189171 0.170455
0 0.958222 0.387366 0.0835562 0.218583
0 0.531751 0.447527 0.93516 0.875
0 0.101604 0.179813 0.191176 0.212567
0 0.869318 0.197527 0.189171 0.170455
0 0.958222 0.387366 0.0835562 0.218583
0 0.531751 0.447527 0.93516 0.875
0 0.101604 0.179813 0.191176 0.212567
0 0.869318 0.197527 0.189171 0.170455
0 0.958222 0.387366 0.0835562 0.218583
0 0.531751 0.447527 0.93516 0.875
0 0.101604 0.179813 0.191176 0.212567
0 0.869318 0.197527 0.189171 0.170455
0 0.958222 0.387366 0.0835562 0.218583
0 0.531751 0.447527 0.93516 0.875
0 0.101604 0.179813 0.191176 0.212567
0 0.869318 0.197527 0.189171 0.170455
