0 0.0742188 0.583594 0.0390625 0.0453125
0 0.85625 0.471094 0.06875 0.0640625
0 0.111719 0.5875 0.0671875 0.065625
0 0.707812 0.764844 0.05625 0.0515625
0 0.789844 0.25625 0.0734375 0.06875
0 0.483594 0.659375 0.0546875 0.05
0 0.109375 0.24375 0.053125 0.059375
0 0.170312 0.751562 0.053125 0.05
0 0.805469 0.707812 0.0546875 0.053125
0 0.775 0.7625 0.059375 0.05625
0 0.860937 0.196875 0.05625 0.0625
0 0.557813 0.310937 0.053125 0.05625
0 0.160938 0.20625 0.0625 0.06875
0 0.135937 0.353906 0.05625 0.0578125
0 0.700781 0.236719 0.0609375 0.0546875
0 0.382031 0.292969 0.0515625 0.0546875
0 0.925 0.642969 0.059375 0.0578125
0 0.933594 0.574219 0.0703125 0.0640625
0 0.401563 0.23125 0.059375 0.0625
0 0.228125 0.260156 0.05625 0.0609375
0 0.486719 0.465625 0.0578125 0.05625
0 0.292188 0.59375 0.05 0.053125
0 0.428906 0.090625 0.0546875 0.053125
0 0.280469 0.184375 0.0703125 0.071875
0 0.830469 0.325 0.0609375 0.065625
0 0.335156 0.609375 0.0515625 0.053125
0 0.492188 0.778125 0.0625 0.053125
0 0.0414063 0.467187 0.0515625 0.053125
0 0.413281 0.773438 0.0609375 0.05625
0 0.278906 0.104687 0.0609375 0.065625
0 0.432813 0.3 0.059375 0.0625
0 0.714063 0.166406 0.05625 0.0609375
0 0.239063 0.503125 0.0625 0.0625
0 0.367969 0.475781 0.0546875 0.0578125
0 0.160938 0.648438 0.059375 0.05625
0 0.20625 0.54375 0.053125 0.053125
0 0.523438 0.734375 0.06875 0.065625
0 0.511719 0.553125 0.0640625 0.0625
0 0.328125 0.736719 0.059375 0.0546875
0 0.434375 0.380469 0.0625 0.0609375
0 0.650781 0.679688 0.0609375 0.059375
0 0.384375 0.351562 0.059375 0.06875
0 0.24375 0.766406 0.059375 0.0546875
0 0.388281 0.640625 0.0703125 0.06875
0 0.153906 0.289844 0.0546875 0.0578125
0 0.911719 0.34375 0.0578125 0.0625
0 0.692187 0.378906 0.059375 0.0515625
0 0.717969 0.555469 0.0546875 0.0578125
0 0.885938 0.541406 0.071875 0.0703125
0 0.140625 0.411719 0.0625 0.0609375
0 0.48125 0.075 0.0625 0.06875
0 0.567969 0.7875 0.0546875 0.053125
0 0.0914062 0.303906 0.0609375 0.0578125
0 0.596875 0.696094 0.0625 0.0546875
0 0.771875 0.585938 0.071875 0.06875
0 0.273438 0.703906 0.065625 0.0734375
0 0.816406 0.442187 0.0515625 0.05625
0 0.357812 0.104687 0.06875 0.06875
0 0.34375 0.173438 0.075 0.075
0 0.333594 0.678125 0.0609375 0.065625
0 0.308594 0.53125 0.0671875 0.06875
0 0.425 0.152344 0.059375 0.0703125
0 0.105469 0.478906 0.0640625 0.0546875
0 0.778125 0.390625 0.065625 0.05625
0 0.76875 0.326562 0.071875 0.065625
0 0.217969 0.609375 0.0671875 0.06875
0 0.146875 0.532031 0.05625 0.0546875
0 0.217187 0.671875 0.065625 0.06875
0 0.289844 0.276563 0.0703125 0.071875
0 0.084375 0.660156 0.075 0.0734375
0 0.546875 0.0867188 0.071875 0.0796875
0 0.860156 0.603906 0.0734375 0.0671875
0 0.367969 0.535937 0.0703125 0.06875
0 0.392188 0.707812 0.0625 0.0625
0 0.179688 0.476562 0.075 0.075
0 0.626562 0.354688 0.071875 0.065625
0 0.597656 0.145313 0.0578125 0.0625
0 0.21875 0.408594 0.059375 0.0609375
0 0.804688 0.6375 0.065625 0.065625
0 0.717188 0.705469 0.071875 0.0671875
0 0.607031 0.459375 0.0640625 0.065625
0 0.659375 0.188281 0.075 0.0765625
0 0.942969 0.492969 0.0734375 0.0703125
0 0.789062 0.178906 0.071875 0.0828125
0 0.432813 0.51875 0.071875 0.06875
0 0.567187 0.5125 0.071875 0.075
0 0.692969 0.435156 0.0609375 0.0578125
0 0.420312 0.45 0.065625 0.06875
0 0.535156 0.257031 0.0703125 0.0765625
0 0.075 0.390625 0.06875 0.075
0 0.215625 0.325781 0.0875 0.0828125
0 0.358594 0.408594 0.0671875 0.0734375
0 0.879687 0.277344 0.06875 0.0734375
0 0.528906 0.177344 0.0734375 0.0859375
0 0.604688 0.622656 0.0625 0.0703125
0 0.457031 0.211719 0.0703125 0.0796875
0 0.867969 0.678906 0.0796875 0.0828125
0 0.932031 0.422656 0.0765625 0.0734375
0 0.589063 0.220313 0.0625 0.065625
0 0.0671875 0.523438 0.0875 0.075
0 0.813281 0.525 0.0796875 0.075
0 0.691406 0.301562 0.0796875 0.08125
0 0.20625 0.153906 0.075 0.0796875
0 0.74375 0.492969 0.06875 0.0734375
0 0.447656 0.594531 0.0796875 0.0765625
0 0.301562 0.365625 0.075 0.078125
0 0.579687 0.396094 0.071875 0.0734375
0 0.5375 0.625 0.075 0.071875
0 0.45625 0.730469 0.071875 0.0734375
0 0.680469 0.105469 0.0796875 0.0828125
0 0.645312 0.739844 0.06875 0.0671875
0 0.619531 0.285937 0.0796875 0.078125
0 0.63125 0.553125 0.071875 0.071875
0 0.496875 0.35 0.08125 0.078125
0 0.679688 0.61875 0.0875 0.08125
0 0.867969 0.391406 0.0734375 0.0765625
0 0.295312 0.444531 0.08125 0.0765625
0 0.197656 0.625 0.0515625 0.05
0 0.403125 0.771875 0.05 0.046875
0 0.150781 0.598437 0.0609375 0.059375
0 0.224219 0.478906 0.0453125 0.0453125
0 0.175781 0.275781 0.0515625 0.0609375
0 0.389062 0.561719 0.053125 0.0515625
0 0.108594 0.6375 0.0515625 0.05
0 0.0859375 0.407031 0.046875 0.0453125
0 0.835938 0.678906 0.059375 0.0515625
0 0.246094 0.426562 0.0484375 0.053125
0 0.292969 0.778906 0.0453125 0.0484375
0 0.378125 0.724219 0.059375 0.0546875
0 0.50625 0.682031 0.046875 0.0421875
0 0.648438 0.70625 0.065625 0.053125
0 0.185156 0.713281 0.0515625 0.0546875
0 0.75625 0.733594 0.046875 0.0453125
0 0.724219 0.401563 0.0578125 0.05625
0 0.508594 0.60625 0.0515625 0.046875
0 0.449219 0.351562 0.0484375 0.046875
0 0.775 0.676562 0.059375 0.0625
0 0.342187 0.401563 0.05 0.05
0 0.292188 0.469531 0.05 0.0515625
0 0.539062 0.247656 0.053125 0.0515625
0 0.65 0.377344 0.0625 0.0671875
0 0.163281 0.664062 0.0578125 0.05625
0 0.370313 0.671094 0.046875 0.0453125
0 0.807031 0.716406 0.0484375 0.0484375
0 0.895312 0.567969 0.05 0.0484375
0 0.698438 0.746094 0.0625 0.0640625
0 0.146094 0.39375 0.0515625 0.046875
0 0.164062 0.332031 0.05 0.0484375
0 0.644531 0.766406 0.0515625 0.0515625
0 0.533594 0.302344 0.0515625 0.0515625
0 0.514063 0.486719 0.059375 0.0578125
0 0.782812 0.307031 0.05 0.0546875
0 0.246094 0.619531 0.0484375 0.0453125
0 0.617188 0.598437 0.046875 0.046875
0 0.345313 0.778906 0.0625 0.0609375
0 0.311719 0.5625 0.0640625 0.059375
0 0.260156 0.528906 0.0609375 0.0609375
0 0.482031 0.233594 0.0765625 0.0765625
0 0.523438 0.76875 0.05 0.04375
0 0.4 0.502344 0.059375 0.0546875
0 0.63125 0.532812 0.05 0.05
0 0.645312 0.475 0.059375 0.05625
0 0.0773437 0.459375 0.0609375 0.05625
0 0.226562 0.678125 0.0625 0.065625
0 0.154687 0.538281 0.05 0.0546875
0 0.232812 0.260156 0.059375 0.0578125
0 0.567187 0.342969 0.0625 0.0578125
0 0.833594 0.317969 0.0515625 0.0578125
0 0.0976562 0.561719 0.0765625 0.0640625
0 0.690625 0.445312 0.053125 0.05
0 0.492188 0.730469 0.05625 0.0515625
0 0.682813 0.523438 0.05 0.046875
0 0.730469 0.482812 0.0578125 0.053125
0 0.316406 0.660937 0.0609375 0.059375
0 0.396875 0.244531 0.05625 0.0515625
0 0.230469 0.572656 0.0546875 0.0515625
0 0.61875 0.421094 0.05 0.0453125
0 0.196094 0.435156 0.0640625 0.0578125
0 0.478125 0.29375 0.053125 0.053125
0 0.365625 0.457812 0.059375 0.065625
0 0.607031 0.64375 0.0546875 0.053125
0 0.165625 0.477344 0.05 0.0484375
0 0.570312 0.45 0.05 0.046875
0 0.570312 0.51875 0.046875 0.053125
0 0.235156 0.741406 0.0640625 0.0609375
0 0.421875 0.400781 0.05625 0.0546875
0 0.410937 0.634375 0.059375 0.059375
0 0.203906 0.528906 0.0484375 0.0453125
0 0.35625 0.26875 0.05 0.053125
0 0.4 0.302344 0.06875 0.0671875
0 0.219531 0.316406 0.0546875 0.0546875
0 0.71875 0.280469 0.053125 0.0546875
0 0.910937 0.507031 0.05625 0.0515625
0 0.128906 0.434375 0.0484375 0.046875
0 0.4625 0.516406 0.0625 0.0609375
0 0.114844 0.342187 0.0578125 0.06875
0 0.670313 0.242188 0.0625 0.065625
0 0.821094 0.563281 0.0609375 0.0640625
0 0.459375 0.769531 0.065625 0.0578125
0 0.582812 0.695312 0.05 0.05
0 0.799219 0.621094 0.0703125 0.0578125
0 0.582031 0.760938 0.0640625 0.0625
0 0.710156 0.695312 0.0640625 0.0625
0 0.433594 0.189063 0.0640625 0.06875
0 0.467187 0.647656 0.065625 0.0609375
0 0.310156 0.725781 0.0671875 0.0671875
0 0.503906 0.167969 0.0515625 0.0578125
0 0.853906 0.488281 0.0671875 0.0640625
0 0.339063 0.507031 0.06875 0.0640625
0 0.604688 0.254687 0.059375 0.05625
0 0.288281 0.230469 0.0640625 0.0578125
0 0.389844 0.363281 0.0515625 0.0515625
0 0.442187 0.584375 0.059375 0.059375
0 0.732813 0.628125 0.0625 0.065625
0 0.78125 0.377344 0.059375 0.0640625
0 0.328906 0.35 0.0671875 0.0625
0 0.522656 0.54375 0.0578125 0.046875
0 0.353906 0.2 0.0640625 0.065625
0 0.558594 0.585938 0.0609375 0.0625
0 0.507812 0.353906 0.0625 0.0640625
0 0.875 0.619531 0.06875 0.0609375
0 0.366406 0.60625 0.0484375 0.046875
0 0.88125 0.333594 0.053125 0.0484375
0 0.429688 0.686719 0.053125 0.0515625
0 0.119531 0.500781 0.0484375 0.0484375
0 0.06875 0.510938 0.046875 0.046875
0 0.652344 0.308594 0.0703125 0.0734375
0 0.728906 0.336719 0.0703125 0.0640625
0 0.56875 0.398438 0.053125 0.05625
0 0.274219 0.30625 0.0578125 0.059375
0 0.45625 0.454688 0.05625 0.059375
0 0.794531 0.507812 0.0515625 0.046875
0 0.6625 0.646094 0.0625 0.0609375
0 0.290625 0.396094 0.053125 0.0484375
0 0.682813 0.584375 0.0625 0.06875
0 0.546094 0.646875 0.0640625 0.059375
0 0.908594 0.446094 0.0703125 0.0703125
0 0.513281 0.421094 0.0640625 0.0640625
0 0.757812 0.565625 0.06875 0.071875
0 0.569531 0.195312 0.0703125 0.065625
0 0.779688 0.444531 0.075 0.0671875
0 0.204688 0.371094 0.06875 0.0671875
0 0.84375 0.40625 0.078125 0.075
