0 0.671875 0.3875 0.025 0.025
0 0.766406 0.760938 0.0203125 0.021875
0 0.6375 0.576563 0.021875 0.021875
0 0.35 0.838281 0.021875 0.0265625
0 0.467187 0.835156 0.021875 0.0234375
0 0.700781 0.776563 0.0234375 0.025
0 0.28125 0.750781 0.025 0.0234375
0 0.0992187 0.732031 0.0359375 0.0390625
0 0.463281 0.817187 0.0203125 0.025
0 0.582031 0.821875 0.0234375 0.021875
0 0.499219 0.774219 0.0234375 0.0234375
0 0.779688 0.738281 0.021875 0.0203125
0 0.548437 0.779688 0.025 0.025
0 0.486719 0.807031 0.0203125 0.0203125
0 0.692187 0.503906 0.03125 0.0265625
0 0.126563 0.76875 0.028125 0.025
0 0.279687 0.775 0.025 0.025
0 0.346094 0.745313 0.0203125 0.021875
0 0.528125 0.771875 0.021875 0.021875
0 0.646094 0.767187 0.0203125 0.021875
0 0.923437 0.634375 0.021875 0.025
0 0.9875 0.500781 0.025 0.0328125
0 0.355469 0.802344 0.0234375 0.0234375
0 0.329688 0.715625 0.021875 0.021875
0 0.819531 0.585938 0.0234375 0.021875
0 0.707812 0.807031 0.021875 0.0234375
0 0.990625 0.688281 0.01875 0.0296875
0 0.560156 0.830469 0.0203125 0.0203125
0 0.173438 0.814062 0.028125 0.028125
0 0.232031 0.827344 0.0234375 0.0203125
0 0.630469 0.842969 0.0234375 0.0234375
0 0.821094 0.6625 0.0328125 0.03125
0 0.739844 0.707812 0.0234375 0.021875
0 0.7875 0.677344 0.028125 0.0265625
0 0.724219 0.632812 0.0265625 0.021875
0 0.735156 0.539844 0.0359375 0.0328125
0 0.749219 0.728906 0.0234375 0.0234375
0 0.4875 0.728125 0.021875 0.021875
0 0.28125 0.817187 0.03125 0.03125
0 0.153906 0.732813 0.0265625 0.028125
0 0.792188 0.645312 0.021875 0.021875
0 0.664062 0.655469 0.025 0.0234375
0 0.508594 0.792188 0.0234375 0.025
0 0.522656 0.751562 0.0203125 0.021875
0 0.657031 0.589844 0.0234375 0.0234375
0 0.24375 0.745313 0.021875 0.021875
0 0.196875 0.803125 0.028125 0.025
0 0.553125 0.855469 0.025 0.0234375
0 0.353125 0.855469 0.025 0.0234375
0 0.338281 0.696094 0.0234375 0.0234375
0 0.141406 0.647656 0.0265625 0.0265625
0 0.727344 0.789844 0.0234375 0.0234375
0 0.107031 0.596094 0.0265625 0.0234375
0 0.601562 0.523438 0.025 0.025
0 0.546875 0.585938 0.021875 0.021875
0 0.205469 0.777344 0.0265625 0.0234375
0 0.40625 0.630469 0.0375 0.0359375
0 0.759375 0.560938 0.021875 0.021875
0 0.986719 0.579687 0.0265625 0.028125
0 0.750781 0.778125 0.0234375 0.025
0 0.654688 0.833594 0.025 0.0234375
0 0.224219 0.330469 0.0328125 0.0265625
0 0.373437 0.727344 0.03125 0.0265625
0 0.475781 0.5 0.0328125 0.03125
0 0.777344 0.709375 0.0265625 0.025
0 0.795313 0.724219 0.021875 0.0203125
0 0.432031 0.316406 0.0359375 0.0390625
0 0.677344 0.822656 0.0234375 0.0234375
0 0.195312 0.752344 0.028125 0.0265625
0 0.654688 0.746875 0.025 0.021875
0 0.478906 0.634375 0.0296875 0.028125
0 0.644531 0.810938 0.0234375 0.021875
0 0.471094 0.764063 0.0234375 0.025
0 0.578906 0.847656 0.0265625 0.0234375
0 0.657812 0.555469 0.028125 0.0265625
0 0.744531 0.685156 0.0234375 0.0234375
0 0.614844 0.453125 0.0296875 0.028125
0 0.520312 0.591406 0.03125 0.0328125
0 0.490625 0.865625 0.028125 0.028125
0 0.127344 0.725 0.0234375 0.025
0 0.428906 0.814062 0.0296875 0.028125
0 0.459375 0.855469 0.021875 0.0234375
0 0.764063 0.665625 0.028125 0.028125
0 0.36875 0.785937 0.025 0.025
0 0.267969 0.858594 0.0265625 0.0265625
0 0.689062 0.410937 0.028125 0.028125
0 0.370313 0.820312 0.025 0.025
0 0.621875 0.81875 0.025 0.021875
0 0.485156 0.596875 0.0265625 0.025
0 0.728906 0.764063 0.0234375 0.025
0 0.721094 0.289062 0.0359375 0.034375
0 0.557031 0.65625 0.0265625 0.028125
0 0.747656 0.502344 0.0265625 0.0265625
0 0.645312 0.638281 0.025 0.0234375
0 0.601562 0.475781 0.03125 0.0265625
0 0.742188 0.611719 0.028125 0.0265625
0 0.928125 0.660156 0.025 0.0265625
0 0.552344 0.50625 0.0296875 0.025
0 0.370313 0.675781 0.025 0.0234375
0 0.226562 0.807813 0.028125 0.025
0 0.503125 0.822656 0.025 0.0265625
0 0.810156 0.619531 0.0265625 0.0234375
0 0.239844 0.402344 0.0296875 0.0296875
0 0.621094 0.229687 0.0390625 0.0375
0 0.438281 0.600781 0.0265625 0.0265625
0 0.779688 0.571875 0.025 0.025
0 0.786719 0.396094 0.0296875 0.0265625
0 0.307813 0.799219 0.025 0.0265625
0 0.322656 0.8625 0.0328125 0.03125
0 0.627344 0.528125 0.0234375 0.021875
0 0.775 0.510156 0.028125 0.0296875
0 0.234375 0.702344 0.028125 0.0265625
0 0.646094 0.459375 0.0265625 0.025
0 0.201562 0.484375 0.028125 0.028125
0 0.754687 0.404687 0.03125 0.03125
0 0.397656 0.310156 0.0328125 0.0328125
0 0.547656 0.5375 0.0328125 0.03125
0 0.91875 0.686719 0.021875 0.0234375
0 0.577344 0.690625 0.0234375 0.025
0 0.392969 0.667188 0.0234375 0.025
0 0.494531 0.752344 0.0234375 0.0234375
0 0.230469 0.848437 0.0234375 0.021875
0 0.500781 0.615625 0.0234375 0.025
0 0.146094 0.66875 0.0296875 0.028125
0 0.564844 0.805469 0.0265625 0.0265625
0 0.703906 0.469531 0.0328125 0.0359375
0 0.798437 0.41875 0.028125 0.025
0 0.675781 0.46875 0.0296875 0.028125
0 0.682813 0.796875 0.021875 0.025
0 0.670313 0.729688 0.025 0.025
0 0.976562 0.660156 0.028125 0.0265625
0 0.441406 0.567187 0.0296875 0.03125
0 0.725 0.560156 0.028125 0.0265625
0 0.407813 0.770312 0.025 0.021875
0 0.265625 0.459375 0.028125 0.028125
0 0.835938 0.642187 0.025 0.025
0 0.665625 0.625781 0.025 0.0234375
0 0.988281 0.428125 0.0234375 0.03125
0 0.397656 0.825781 0.0296875 0.0296875
0 0.416406 0.582031 0.0265625 0.0296875
0 0.282031 0.73125 0.0265625 0.025
0 0.257031 0.71875 0.0265625 0.028125
0 0.702344 0.616406 0.0265625 0.0234375
0 0.364844 0.699219 0.0265625 0.0234375
0 0.645312 0.347656 0.025 0.0234375
0 0.180469 0.733594 0.0234375 0.0234375
0 0.774219 0.542969 0.0265625 0.0265625
0 0.303906 0.717188 0.0265625 0.025
0 0.802344 0.696875 0.0265625 0.025
0 0.396094 0.557813 0.0328125 0.03125
0 0.719531 0.696875 0.0296875 0.028125
0 0.578125 0.553125 0.025 0.025
0 0.533594 0.824219 0.0328125 0.0296875
0 0.317187 0.736719 0.025 0.0234375
0 0.842188 0.589844 0.028125 0.0265625
0 0.664844 0.302344 0.0265625 0.0265625
0 0.342969 0.469531 0.0265625 0.0265625
0 0.389844 0.588281 0.0265625 0.0265625
0 0.774219 0.628906 0.0265625 0.0265625
0 0.676562 0.754687 0.025 0.021875
0 0.295312 0.853906 0.025 0.0234375
0 0.364844 0.757812 0.0234375 0.025
0 0.151562 0.611719 0.040625 0.0390625
0 0.20625 0.835156 0.025 0.0234375
0 0.828906 0.496875 0.0328125 0.034375
0 0.578906 0.578906 0.0265625 0.0265625
0 0.796875 0.595312 0.025 0.025
0 0.677344 0.603906 0.0234375 0.0234375
0 0.953125 0.642969 0.03125 0.0296875
0 0.783594 0.441406 0.0265625 0.0265625
0 0.953906 0.680469 0.0265625 0.0296875
0 0.830469 0.524219 0.0265625 0.0265625
0 0.9875 0.757812 0.025 0.034375
0 0.928906 0.56875 0.0234375 0.025
0 0.64375 0.609375 0.025 0.021875
0 0.328125 0.675781 0.025 0.0234375
0 0.221094 0.733594 0.0265625 0.0265625
0 0.354688 0.494531 0.028125 0.0265625
0 0.408594 0.69375 0.0296875 0.028125
0 0.978125 0.703906 0.025 0.0265625
0 0.766406 0.465625 0.0265625 0.028125
0 0.0875 0.65625 0.03125 0.03125
0 0.179688 0.786719 0.025 0.0234375
0 0.15625 0.760156 0.028125 0.0296875
0 0.964844 0.604688 0.0421875 0.0375
0 0.807031 0.539844 0.0296875 0.0296875
0 0.470313 0.690625 0.03125 0.028125
0 0.1875 0.409375 0.03125 0.028125
0 0.570312 0.601562 0.025 0.025
0 0.361719 0.628125 0.0359375 0.03125
0 0.690625 0.369531 0.025 0.0265625
0 0.115625 0.670313 0.028125 0.025
0 0.694531 0.54375 0.0296875 0.03125
0 0.461719 0.521875 0.0265625 0.025
0 0.947656 0.529688 0.0359375 0.034375
0 0.464844 0.741406 0.0234375 0.0234375
0 0.605469 0.669531 0.0328125 0.0296875
0 0.465625 0.577344 0.028125 0.0265625
0 0.508594 0.638281 0.0234375 0.0234375
0 0.729688 0.452344 0.025 0.0234375
0 0.0921875 0.720312 0.028125 0.028125
0 0.35625 0.528125 0.0375 0.0375
0 0.297656 0.602344 0.0328125 0.0296875
0 0.342187 0.771875 0.028125 0.028125
0 0.1625 0.557031 0.028125 0.0234375
0 0.582812 0.782812 0.028125 0.028125
0 0.75625 0.439063 0.028125 0.028125
0 0.840625 0.448438 0.025 0.025
0 0.595312 0.2875 0.025 0.025
0 0.959375 0.570312 0.028125 0.028125
0 0.478906 0.469531 0.0296875 0.0296875
0 0.35625 0.595312 0.03125 0.03125
0 0.702344 0.750781 0.0296875 0.0265625
0 0.404687 0.796875 0.03125 0.028125
0 0.0929687 0.690625 0.0328125 0.03125
0 0.328906 0.548437 0.0328125 0.03125
0 0.692969 0.290625 0.0296875 0.03125
0 0.9625 0.746094 0.025 0.0265625
0 0.248437 0.673437 0.028125 0.025
0 0.478125 0.439844 0.028125 0.0296875
0 0.665625 0.439063 0.028125 0.028125
0 0.160156 0.376563 0.0328125 0.03125
0 0.557031 0.409375 0.0234375 0.025
0 0.321875 0.582031 0.03125 0.0328125
0 0.334375 0.232031 0.040625 0.0421875
0 0.728906 0.421094 0.0328125 0.0359375
0 0.372656 0.473437 0.0265625 0.025
0 0.261719 0.504687 0.0234375 0.021875
0 0.107031 0.746094 0.0296875 0.0296875
0 0.363281 0.447656 0.0296875 0.0296875
0 0.309375 0.367969 0.03125 0.0296875
0 0.414062 0.721094 0.03125 0.0296875
0 0.754687 0.585938 0.028125 0.025
0 0.454688 0.659375 0.028125 0.028125
0 0.614844 0.266406 0.0328125 0.0328125
0 0.682813 0.69375 0.028125 0.028125
0 0.0695312 0.632031 0.0359375 0.0328125
0 0.839844 0.616406 0.0265625 0.0265625
0 0.140625 0.792969 0.03125 0.0328125
0 0.364844 0.565625 0.0265625 0.028125
0 0.123438 0.426562 0.03125 0.03125
0 0.830469 0.422656 0.0328125 0.0328125
0 0.439844 0.689844 0.0265625 0.0265625
0 0.375781 0.282813 0.0328125 0.03125
0 0.175 0.646094 0.034375 0.0296875
0 0.539844 0.614844 0.0296875 0.0296875
0 0.65625 0.684375 0.028125 0.028125
0 0.371094 0.652344 0.0296875 0.0265625
0 0.226562 0.553125 0.034375 0.0375
0 0.0867188 0.535156 0.0453125 0.0390625
0 0.610156 0.610156 0.0296875 0.0296875
0 0.946875 0.715625 0.03125 0.03125
0 0.726562 0.66875 0.028125 0.028125
0 0.577344 0.632031 0.0296875 0.0296875
0 0.927344 0.602344 0.0328125 0.0328125
0 0.297656 0.638281 0.0359375 0.0359375
0 0.639063 0.665625 0.028125 0.028125
0 0.366406 0.31875 0.0328125 0.034375
0 0.221875 0.470313 0.028125 0.028125
0 0.719531 0.592188 0.0328125 0.03125
0 0.582812 0.453906 0.028125 0.0296875
0 0.214062 0.628125 0.03125 0.03125
0 0.484375 0.382812 0.025 0.028125
0 0.448438 0.441406 0.03125 0.0296875
0 0.521875 0.853125 0.028125 0.028125
0 0.353125 0.346875 0.028125 0.028125
0 0.457031 0.396094 0.0359375 0.0328125
0 0.744531 0.646094 0.0265625 0.0265625
0 0.390625 0.201562 0.028125 0.03125
0 0.394531 0.748438 0.0328125 0.03125
0 0.503125 0.411719 0.028125 0.0265625
0 0.617188 0.7 0.03125 0.03125
0 0.192969 0.323438 0.0328125 0.03125
0 0.441406 0.632812 0.0328125 0.034375
0 0.747656 0.378906 0.0234375 0.0234375
0 0.45625 0.785156 0.028125 0.0234375
0 0.51875 0.697656 0.034375 0.0328125
0 0.68125 0.573438 0.03125 0.028125
0 0.6375 0.432031 0.03125 0.0328125
0 0.574219 0.521875 0.0296875 0.03125
0 0.195312 0.70625 0.03125 0.028125
0 0.440625 0.502344 0.03125 0.0328125
0 0.660156 0.408594 0.0265625 0.0296875
0 0.371094 0.235156 0.0265625 0.0296875
0 0.510156 0.315625 0.0328125 0.03125
0 0.309375 0.421875 0.0375 0.034375
0 0.269531 0.395312 0.0296875 0.03125
0 0.428125 0.424219 0.028125 0.0265625
0 0.233594 0.503125 0.0265625 0.028125
0 0.607813 0.583594 0.03125 0.0296875
0 0.615625 0.767187 0.03125 0.034375
0 0.441406 0.239063 0.0265625 0.028125
0 0.646875 0.716406 0.0375 0.0328125
0 0.985937 0.530469 0.028125 0.0296875
0 0.297656 0.236719 0.0359375 0.0359375
0 0.792188 0.484375 0.03125 0.03125
0 0.742969 0.474219 0.0265625 0.0265625
0 0.479688 0.296875 0.028125 0.03125
0 0.6625 0.328125 0.028125 0.025
0 0.4375 0.757031 0.034375 0.0328125
0 0.591406 0.353906 0.0296875 0.0296875
0 0.520312 0.4375 0.03125 0.03125
0 0.1875 0.56875 0.03125 0.03125
0 0.164844 0.692187 0.0265625 0.028125
0 0.460938 0.214062 0.040625 0.0375
0 0.163281 0.342969 0.0296875 0.0296875
0 0.983594 0.628906 0.0296875 0.0296875
0 0.151562 0.407813 0.034375 0.03125
0 0.589844 0.221875 0.0296875 0.034375
0 0.296094 0.546875 0.0265625 0.028125
0 0.796094 0.36875 0.0265625 0.028125
0 0.513281 0.728906 0.0296875 0.0296875
0 0.510156 0.496094 0.0359375 0.0359375
0 0.571094 0.485156 0.0296875 0.0296875
0 0.621094 0.496094 0.0359375 0.0328125
0 0.621094 0.555469 0.0296875 0.0296875
0 0.33125 0.446094 0.03125 0.0296875
0 0.736719 0.323438 0.0328125 0.034375
0 0.592188 0.314063 0.028125 0.028125
0 0.217187 0.426562 0.03125 0.028125
0 0.510938 0.382812 0.03125 0.028125
0 0.228906 0.592188 0.0359375 0.0375
0 0.189063 0.441406 0.03125 0.0328125
0 0.540625 0.395312 0.034375 0.034375
0 0.357031 0.379687 0.0359375 0.034375
0 0.328906 0.615625 0.0296875 0.03125
0 0.417969 0.395312 0.0328125 0.03125
0 0.260938 0.794531 0.034375 0.0328125
0 0.324219 0.391406 0.0296875 0.0296875
0 0.535156 0.560156 0.0296875 0.0296875
0 0.403125 0.491406 0.03125 0.0328125
0 0.258594 0.605469 0.0328125 0.0328125
0 0.952344 0.491406 0.0328125 0.0328125
0 0.08125 0.6 0.03125 0.03125
0 0.308594 0.522656 0.0328125 0.0328125
0 0.699219 0.646094 0.0328125 0.0328125
0 0.210938 0.297656 0.0375 0.0359375
0 0.807813 0.457812 0.034375 0.03125
0 0.76875 0.35625 0.0375 0.0375
0 0.621875 0.327344 0.03125 0.0328125
0 0.670313 0.528125 0.028125 0.03125
0 0.521875 0.667188 0.03125 0.03125
0 0.252344 0.29375 0.0359375 0.034375
0 0.395312 0.442969 0.028125 0.0265625
0 0.527344 0.467187 0.0265625 0.028125
0 0.578906 0.261719 0.0359375 0.0390625
0 0.70625 0.721094 0.025 0.0265625
0 0.311719 0.29375 0.0328125 0.03125
0 0.469531 0.549219 0.0296875 0.0265625
0 0.1375 0.56875 0.034375 0.034375
0 0.208594 0.670313 0.0359375 0.034375
0 0.10625 0.621875 0.034375 0.03125
0 0.125781 0.491406 0.0390625 0.0359375
0 0.733594 0.352344 0.0265625 0.0265625
0 0.241406 0.366406 0.0390625 0.0359375
0 0.533594 0.361719 0.0359375 0.0359375
0 0.555469 0.749219 0.0296875 0.0296875
0 0.167969 0.498437 0.0296875 0.03125
0 0.541406 0.278906 0.0296875 0.0296875
0 0.547656 0.233594 0.0328125 0.0296875
0 0.602344 0.729688 0.0328125 0.034375
0 0.607813 0.799219 0.03125 0.0265625
0 0.45 0.717188 0.0375 0.034375
0 0.425 0.53125 0.0375 0.034375
0 0.564844 0.296875 0.0328125 0.034375
0 0.414844 0.278906 0.0421875 0.0453125
0 0.557813 0.439844 0.03125 0.0328125
0 0.586719 0.75625 0.0296875 0.028125
0 0.608594 0.640625 0.0328125 0.03125
0 0.515625 0.214062 0.040625 0.0375
0 0.388281 0.857031 0.0390625 0.0359375
0 0.205469 0.514063 0.0328125 0.03125
0 0.241406 0.646875 0.0359375 0.034375
0 0.1125 0.457812 0.04375 0.040625
0 0.0953125 0.503125 0.03125 0.03125
0 0.257031 0.428125 0.0390625 0.0375
0 0.599219 0.407813 0.0328125 0.034375
0 0.285156 0.690625 0.0328125 0.03125
0 0.564844 0.717969 0.0296875 0.0296875
0 0.182812 0.617188 0.028125 0.028125
0 0.433594 0.467187 0.0328125 0.03125
0 0.28125 0.309375 0.034375 0.034375
0 0.332031 0.647656 0.0328125 0.0296875
0 0.084375 0.567969 0.0375 0.0328125
0 0.511719 0.253906 0.0390625 0.0421875
0 0.300781 0.459375 0.0390625 0.0375
0 0.427344 0.192969 0.0296875 0.0328125
0 0.317969 0.263281 0.0359375 0.0328125
0 0.210156 0.378906 0.0296875 0.0296875
0 0.389844 0.353125 0.0359375 0.0375
0 0.496875 0.351562 0.0375 0.0375
0 0.266406 0.532812 0.0359375 0.0375
0 0.278906 0.575781 0.0390625 0.0359375
0 0.264844 0.261719 0.0390625 0.0390625
0 0.704687 0.339063 0.034375 0.0375
0 0.63125 0.3875 0.0375 0.0375
0 0.542969 0.324219 0.0359375 0.0328125
0 0.396875 0.415625 0.03125 0.03125
0 0.275781 0.353906 0.0359375 0.0390625
0 0.653906 0.263281 0.0390625 0.0390625
0 0.321094 0.492188 0.0359375 0.034375
0 0.357812 0.415625 0.0375 0.034375
0 0.484375 0.665625 0.03125 0.03125
0 0.510156 0.529688 0.0328125 0.03125
0 0.420312 0.666406 0.03125 0.0328125
0 0.328906 0.328906 0.0359375 0.0359375
0 0.570312 0.375781 0.034375 0.0359375
0 0.389062 0.254687 0.025 0.028125
0 0.144531 0.527344 0.0390625 0.0359375
0 0.446094 0.361719 0.0390625 0.0453125
0 0.153906 0.458594 0.0421875 0.0390625
0 0.470313 0.260156 0.04375 0.0421875
0 0.98125 0.464063 0.0375 0.040625
0 0.671875 0.3875 0.025 0.025
0 0.766406 0.760938 0.0203125 0.021875
0 0.6375 0.576563 0.021875 0.021875
0 0.35 0.838281 0.021875 0.0265625
0 0.467187 0.835156 0.021875 0.0234375
0 0.700781 0.776563 0.0234375 0.025
0 0.28125 0.750781 0.025 0.0234375
0 0.0992187 0.732031 0.0359375 0.0390625
0 0.463281 0.817187 0.0203125 0.025
0 0.582031 0.821875 0.0234375 0.021875
0 0.499219 0.774219 0.0234375 0.0234375
0 0.779688 0.738281 0.021875 0.0203125
0 0.548437 0.779688 0.025 0.025
0 0.486719 0.807031 0.0203125 0.0203125
0 0.692187 0.503906 0.03125 0.0265625
0 0.126563 0.76875 0.028125 0.025
0 0.279687 0.775 0.025 0.025
0 0.346094 0.745313 0.0203125 0.021875
0 0.528125 0.771875 0.021875 0.021875
0 0.646094 0.767187 0.0203125 0.021875
0 0.923437 0.634375 0.021875 0.025
0 0.9875 0.500781 0.025 0.0328125
0 0.355469 0.802344 0.0234375 0.0234375
0 0.329688 0.715625 0.021875 0.021875
0 0.819531 0.585938 0.0234375 0.021875
0 0.707812 0.807031 0.021875 0.0234375
0 0.990625 0.688281 0.01875 0.0296875
0 0.560156 0.830469 0.0203125 0.0203125
0 0.173438 0.814062 0.028125 0.028125
0 0.232031 0.827344 0.0234375 0.0203125
0 0.630469 0.842969 0.0234375 0.0234375
0 0.821094 0.6625 0.0328125 0.03125
0 0.739844 0.707812 0.0234375 0.021875
0 0.7875 0.677344 0.028125 0.0265625
0 0.724219 0.632812 0.0265625 0.021875
0 0.735156 0.539844 0.0359375 0.0328125
0 0.749219 0.728906 0.0234375 0.0234375
0 0.4875 0.728125 0.021875 0.021875
0 0.28125 0.817187 0.03125 0.03125
0 0.153906 0.732813 0.0265625 0.028125
0 0.792188 0.645312 0.021875 0.021875
0 0.664062 0.655469 0.025 0.0234375
0 0.508594 0.792188 0.0234375 0.025
0 0.522656 0.751562 0.0203125 0.021875
0 0.657031 0.589844 0.0234375 0.0234375
0 0.24375 0.745313 0.021875 0.021875
0 0.196875 0.803125 0.028125 0.025
0 0.553125 0.855469 0.025 0.0234375
0 0.353125 0.855469 0.025 0.0234375
0 0.338281 0.696094 0.0234375 0.0234375
0 0.141406 0.647656 0.0265625 0.0265625
0 0.727344 0.789844 0.0234375 0.0234375
0 0.107031 0.596094 0.0265625 0.0234375
0 0.601562 0.523438 0.025 0.025
0 0.546875 0.585938 0.021875 0.021875
0 0.205469 0.777344 0.0265625 0.0234375
0 0.40625 0.630469 0.0375 0.0359375
0 0.759375 0.560938 0.021875 0.021875
0 0.986719 0.579687 0.0265625 0.028125
0 0.750781 0.778125 0.0234375 0.025
0 0.654688 0.833594 0.025 0.0234375
0 0.224219 0.330469 0.0328125 0.0265625
0 0.373437 0.727344 0.03125 0.0265625
0 0.475781 0.5 0.0328125 0.03125
0 0.777344 0.709375 0.0265625 0.025
0 0.795313 0.724219 0.021875 0.0203125
0 0.432031 0.316406 0.0359375 0.0390625
0 0.677344 0.822656 0.0234375 0.0234375
0 0.195312 0.752344 0.028125 0.0265625
0 0.654688 0.746875 0.025 0.021875
0 0.478906 0.634375 0.0296875 0.028125
0 0.644531 0.810938 0.0234375 0.021875
0 0.471094 0.764063 0.0234375 0.025
0 0.578906 0.847656 0.0265625 0.0234375
0 0.657812 0.555469 0.028125 0.0265625
0 0.744531 0.685156 0.0234375 0.0234375
0 0.614844 0.453125 0.0296875 0.028125
0 0.520312 0.591406 0.03125 0.0328125
0 0.490625 0.865625 0.028125 0.028125
0 0.127344 0.725 0.0234375 0.025
0 0.428906 0.814062 0.0296875 0.028125
0 0.459375 0.855469 0.021875 0.0234375
0 0.764063 0.665625 0.028125 0.028125
0 0.36875 0.785937 0.025 0.025
0 0.267969 0.858594 0.0265625 0.0265625
0 0.689062 0.410937 0.028125 0.028125
0 0.370313 0.820312 0.025 0.025
0 0.621875 0.81875 0.025 0.021875
0 0.485156 0.596875 0.0265625 0.025
0 0.728906 0.764063 0.0234375 0.025
0 0.721094 0.289062 0.0359375 0.034375
0 0.557031 0.65625 0.0265625 0.028125
0 0.747656 0.502344 0.0265625 0.0265625
0 0.645312 0.638281 0.025 0.0234375
0 0.601562 0.475781 0.03125 0.0265625
0 0.742188 0.611719 0.028125 0.0265625
0 0.928125 0.660156 0.025 0.0265625
0 0.552344 0.50625 0.0296875 0.025
0 0.370313 0.675781 0.025 0.0234375
0 0.226562 0.807813 0.028125 0.025
0 0.503125 0.822656 0.025 0.0265625
0 0.810156 0.619531 0.0265625 0.0234375
0 0.239844 0.402344 0.0296875 0.0296875
0 0.621094 0.229687 0.0390625 0.0375
0 0.438281 0.600781 0.0265625 0.0265625
0 0.779688 0.571875 0.025 0.025
0 0.786719 0.396094 0.0296875 0.0265625
0 0.307813 0.799219 0.025 0.0265625
0 0.322656 0.8625 0.0328125 0.03125
0 0.627344 0.528125 0.0234375 0.021875
0 0.775 0.510156 0.028125 0.0296875
0 0.234375 0.702344 0.028125 0.0265625
0 0.646094 0.459375 0.0265625 0.025
0 0.201562 0.484375 0.028125 0.028125
0 0.754687 0.404687 0.03125 0.03125
0 0.397656 0.310156 0.0328125 0.0328125
0 0.547656 0.5375 0.0328125 0.03125
0 0.91875 0.686719 0.021875 0.0234375
0 0.577344 0.690625 0.0234375 0.025
0 0.392969 0.667188 0.0234375 0.025
0 0.494531 0.752344 0.0234375 0.0234375
0 0.230469 0.848437 0.0234375 0.021875
0 0.500781 0.615625 0.0234375 0.025
0 0.146094 0.66875 0.0296875 0.028125
0 0.564844 0.805469 0.0265625 0.0265625
0 0.703906 0.469531 0.0328125 0.0359375
0 0.798437 0.41875 0.028125 0.025
0 0.675781 0.46875 0.0296875 0.028125
0 0.682813 0.796875 0.021875 0.025
0 0.670313 0.729688 0.025 0.025
0 0.976562 0.660156 0.028125 0.0265625
0 0.441406 0.567187 0.0296875 0.03125
0 0.725 0.560156 0.028125 0.0265625
0 0.407813 0.770312 0.025 0.021875
0 0.265625 0.459375 0.028125 0.028125
0 0.835938 0.642187 0.025 0.025
0 0.665625 0.625781 0.025 0.0234375
0 0.988281 0.428125 0.0234375 0.03125
0 0.397656 0.825781 0.0296875 0.0296875
0 0.416406 0.582031 0.0265625 0.0296875
0 0.282031 0.73125 0.0265625 0.025
0 0.257031 0.71875 0.0265625 0.028125
0 0.702344 0.616406 0.0265625 0.0234375
0 0.364844 0.699219 0.0265625 0.0234375
0 0.645312 0.347656 0.025 0.0234375
0 0.180469 0.733594 0.0234375 0.0234375
0 0.774219 0.542969 0.0265625 0.0265625
0 0.303906 0.717188 0.0265625 0.025
0 0.802344 0.696875 0.0265625 0.025
0 0.396094 0.557813 0.0328125 0.03125
0 0.719531 0.696875 0.0296875 0.028125
0 0.578125 0.553125 0.025 0.025
0 0.533594 0.824219 0.0328125 0.0296875
0 0.317187 0.736719 0.025 0.0234375
0 0.842188 0.589844 0.028125 0.0265625
0 0.664844 0.302344 0.0265625 0.0265625
0 0.342969 0.469531 0.0265625 0.0265625
0 0.389844 0.588281 0.0265625 0.0265625
0 0.774219 0.628906 0.0265625 0.0265625
0 0.676562 0.754687 0.025 0.021875
0 0.295312 0.853906 0.025 0.0234375
0 0.364844 0.757812 0.0234375 0.025
0 0.151562 0.611719 0.040625 0.0390625
0 0.20625 0.835156 0.025 0.0234375
0 0.828906 0.496875 0.0328125 0.034375
0 0.578906 0.578906 0.0265625 0.0265625
0 0.796875 0.595312 0.025 0.025
0 0.677344 0.603906 0.0234375 0.0234375
0 0.953125 0.642969 0.03125 0.0296875
0 0.783594 0.441406 0.0265625 0.0265625
0 0.953906 0.680469 0.0265625 0.0296875
0 0.830469 0.524219 0.0265625 0.0265625
0 0.9875 0.757812 0.025 0.034375
0 0.928906 0.56875 0.0234375 0.025
0 0.64375 0.609375 0.025 0.021875
0 0.328125 0.675781 0.025 0.0234375
0 0.221094 0.733594 0.0265625 0.0265625
0 0.354688 0.494531 0.028125 0.0265625
0 0.408594 0.69375 0.0296875 0.028125
0 0.978125 0.703906 0.025 0.0265625
0 0.766406 0.465625 0.0265625 0.028125
0 0.0875 0.65625 0.03125 0.03125
0 0.179688 0.786719 0.025 0.0234375
0 0.15625 0.760156 0.028125 0.0296875
0 0.964844 0.604688 0.0421875 0.0375
0 0.807031 0.539844 0.0296875 0.0296875
0 0.470313 0.690625 0.03125 0.028125
0 0.1875 0.409375 0.03125 0.028125
0 0.570312 0.601562 0.025 0.025
0 0.361719 0.628125 0.0359375 0.03125
0 0.690625 0.369531 0.025 0.0265625
0 0.115625 0.670313 0.028125 0.025
0 0.694531 0.54375 0.0296875 0.03125
0 0.461719 0.521875 0.0265625 0.025
0 0.947656 0.529688 0.0359375 0.034375
0 0.464844 0.741406 0.0234375 0.0234375
0 0.605469 0.669531 0.0328125 0.0296875
0 0.465625 0.577344 0.028125 0.0265625
0 0.508594 0.638281 0.0234375 0.0234375
0 0.729688 0.452344 0.025 0.0234375
0 0.0921875 0.720312 0.028125 0.028125
0 0.35625 0.528125 0.0375 0.0375
0 0.297656 0.602344 0.0328125 0.0296875
0 0.342187 0.771875 0.028125 0.028125
0 0.1625 0.557031 0.028125 0.0234375
0 0.582812 0.782812 0.028125 0.028125
0 0.75625 0.439063 0.028125 0.028125
0 0.840625 0.448438 0.025 0.025
0 0.595312 0.2875 0.025 0.025
0 0.959375 0.570312 0.028125 0.028125
0 0.478906 0.469531 0.0296875 0.0296875
0 0.35625 0.595312 0.03125 0.03125
0 0.702344 0.750781 0.0296875 0.0265625
0 0.404687 0.796875 0.03125 0.028125
0 0.0929687 0.690625 0.0328125 0.03125
0 0.328906 0.548437 0.0328125 0.03125
0 0.692969 0.290625 0.0296875 0.03125
0 0.9625 0.746094 0.025 0.0265625
0 0.248437 0.673437 0.028125 0.025
0 0.478125 0.439844 0.028125 0.0296875
0 0.665625 0.439063 0.028125 0.028125
0 0.160156 0.376563 0.0328125 0.03125
0 0.557031 0.409375 0.0234375 0.025
0 0.321875 0.582031 0.03125 0.0328125
0 0.334375 0.232031 0.040625 0.0421875
0 0.728906 0.421094 0.0328125 0.0359375
0 0.372656 0.473437 0.0265625 0.025
0 0.261719 0.504687 0.0234375 0.021875
0 0.107031 0.746094 0.0296875 0.0296875
0 0.363281 0.447656 0.0296875 0.0296875
0 0.309375 0.367969 0.03125 0.0296875
0 0.414062 0.721094 0.03125 0.0296875
0 0.754687 0.585938 0.028125 0.025
0 0.454688 0.659375 0.028125 0.028125
0 0.614844 0.266406 0.0328125 0.0328125
0 0.682813 0.69375 0.028125 0.028125
0 0.0695312 0.632031 0.0359375 0.0328125
0 0.839844 0.616406 0.0265625 0.0265625
0 0.140625 0.792969 0.03125 0.0328125
0 0.364844 0.565625 0.0265625 0.028125
0 0.123438 0.426562 0.03125 0.03125
0 0.830469 0.422656 0.0328125 0.0328125
0 0.439844 0.689844 0.0265625 0.0265625
0 0.375781 0.282813 0.0328125 0.03125
0 0.175 0.646094 0.034375 0.0296875
0 0.539844 0.614844 0.0296875 0.0296875
0 0.65625 0.684375 0.028125 0.028125
0 0.371094 0.652344 0.0296875 0.0265625
0 0.226562 0.553125 0.034375 0.0375
0 0.0867188 0.535156 0.0453125 0.0390625
0 0.610156 0.610156 0.0296875 0.0296875
0 0.946875 0.715625 0.03125 0.03125
0 0.726562 0.66875 0.028125 0.028125
0 0.577344 0.632031 0.0296875 0.0296875
0 0.927344 0.602344 0.0328125 0.0328125
0 0.297656 0.638281 0.0359375 0.0359375
0 0.639063 0.665625 0.028125 0.028125
0 0.366406 0.31875 0.0328125 0.034375
0 0.221875 0.470313 0.028125 0.028125
0 0.719531 0.592188 0.0328125 0.03125
0 0.582812 0.453906 0.028125 0.0296875
0 0.214062 0.628125 0.03125 0.03125
0 0.484375 0.382812 0.025 0.028125
0 0.448438 0.441406 0.03125 0.0296875
0 0.521875 0.853125 0.028125 0.028125
0 0.353125 0.346875 0.028125 0.028125
0 0.457031 0.396094 0.0359375 0.0328125
0 0.744531 0.646094 0.0265625 0.0265625
0 0.390625 0.201562 0.028125 0.03125
0 0.394531 0.748438 0.0328125 0.03125
0 0.503125 0.411719 0.028125 0.0265625
0 0.617188 0.7 0.03125 0.03125
0 0.192969 0.323438 0.0328125 0.03125
0 0.441406 0.632812 0.0328125 0.034375
0 0.747656 0.378906 0.0234375 0.0234375
0 0.45625 0.785156 0.028125 0.0234375
0 0.51875 0.697656 0.034375 0.0328125
0 0.68125 0.573438 0.03125 0.028125
0 0.6375 0.432031 0.03125 0.0328125
0 0.574219 0.521875 0.0296875 0.03125
0 0.195312 0.70625 0.03125 0.028125
0 0.440625 0.502344 0.03125 0.0328125
0 0.660156 0.408594 0.0265625 0.0296875
0 0.371094 0.235156 0.0265625 0.0296875
0 0.510156 0.315625 0.0328125 0.03125
0 0.309375 0.421875 0.0375 0.034375
0 0.269531 0.395312 0.0296875 0.03125
0 0.428125 0.424219 0.028125 0.0265625
0 0.233594 0.503125 0.0265625 0.028125
0 0.607813 0.583594 0.03125 0.0296875
0 0.615625 0.767187 0.03125 0.034375
0 0.441406 0.239063 0.0265625 0.028125
0 0.646875 0.716406 0.0375 0.0328125
0 0.985937 0.530469 0.028125 0.0296875
0 0.297656 0.236719 0.0359375 0.0359375
0 0.792188 0.484375 0.03125 0.03125
0 0.742969 0.474219 0.0265625 0.0265625
0 0.479688 0.296875 0.028125 0.03125
0 0.6625 0.328125 0.028125 0.025
0 0.4375 0.757031 0.034375 0.0328125
0 0.591406 0.353906 0.0296875 0.0296875
0 0.520312 0.4375 0.03125 0.03125
0 0.1875 0.56875 0.03125 0.03125
0 0.164844 0.692187 0.0265625 0.028125
0 0.460938 0.214062 0.040625 0.0375
0 0.163281 0.342969 0.0296875 0.0296875
0 0.983594 0.628906 0.0296875 0.0296875
0 0.151562 0.407813 0.034375 0.03125
0 0.589844 0.221875 0.0296875 0.034375
0 0.296094 0.546875 0.0265625 0.028125
0 0.796094 0.36875 0.0265625 0.028125
0 0.513281 0.728906 0.0296875 0.0296875
0 0.510156 0.496094 0.0359375 0.0359375
0 0.571094 0.485156 0.0296875 0.0296875
0 0.621094 0.496094 0.0359375 0.0328125
0 0.621094 0.555469 0.0296875 0.0296875
0 0.33125 0.446094 0.03125 0.0296875
0 0.736719 0.323438 0.0328125 0.034375
0 0.592188 0.314063 0.028125 0.028125
0 0.217187 0.426562 0.03125 0.028125
0 0.510938 0.382812 0.03125 0.028125
0 0.228906 0.592188 0.0359375 0.0375
0 0.189063 0.441406 0.03125 0.0328125
0 0.540625 0.395312 0.034375 0.034375
0 0.357031 0.379687 0.0359375 0.034375
0 0.328906 0.615625 0.0296875 0.03125
0 0.417969 0.395312 0.0328125 0.03125
0 0.260938 0.794531 0.034375 0.0328125
0 0.324219 0.391406 0.0296875 0.0296875
0 0.535156 0.560156 0.0296875 0.0296875
0 0.403125 0.491406 0.03125 0.0328125
0 0.258594 0.605469 0.0328125 0.0328125
0 0.952344 0.491406 0.0328125 0.0328125
0 0.08125 0.6 0.03125 0.03125
0 0.308594 0.522656 0.0328125 0.0328125
0 0.699219 0.646094 0.0328125 0.0328125
0 0.210938 0.297656 0.0375 0.0359375
0 0.807813 0.457812 0.034375 0.03125
0 0.76875 0.35625 0.0375 0.0375
0 0.621875 0.327344 0.03125 0.0328125
0 0.670313 0.528125 0.028125 0.03125
0 0.521875 0.667188 0.03125 0.03125
0 0.252344 0.29375 0.0359375 0.034375
0 0.395312 0.442969 0.028125 0.0265625
0 0.527344 0.467187 0.0265625 0.028125
0 0.578906 0.261719 0.0359375 0.0390625
0 0.70625 0.721094 0.025 0.0265625
0 0.311719 0.29375 0.0328125 0.03125
0 0.469531 0.549219 0.0296875 0.0265625
0 0.1375 0.56875 0.034375 0.034375
0 0.208594 0.670313 0.0359375 0.034375
0 0.10625 0.621875 0.034375 0.03125
0 0.125781 0.491406 0.0390625 0.0359375
0 0.733594 0.352344 0.0265625 0.0265625
0 0.241406 0.366406 0.0390625 0.0359375
0 0.533594 0.361719 0.0359375 0.0359375
0 0.555469 0.749219 0.0296875 0.0296875
0 0.167969 0.498437 0.0296875 0.03125
0 0.541406 0.278906 0.0296875 0.0296875
0 0.547656 0.233594 0.0328125 0.0296875
0 0.602344 0.729688 0.0328125 0.034375
0 0.607813 0.799219 0.03125 0.0265625
0 0.45 0.717188 0.0375 0.034375
0 0.425 0.53125 0.0375 0.034375
0 0.564844 0.296875 0.0328125 0.034375
0 0.414844 0.278906 0.0421875 0.0453125
0 0.557813 0.439844 0.03125 0.0328125
0 0.586719 0.75625 0.0296875 0.028125
0 0.608594 0.640625 0.0328125 0.03125
0 0.515625 0.214062 0.040625 0.0375
0 0.388281 0.857031 0.0390625 0.0359375
0 0.205469 0.514063 0.0328125 0.03125
0 0.241406 0.646875 0.0359375 0.034375
0 0.1125 0.457812 0.04375 0.040625
0 0.0953125 0.503125 0.03125 0.03125
0 0.257031 0.428125 0.0390625 0.0375
0 0.599219 0.407813 0.0328125 0.034375
0 0.285156 0.690625 0.0328125 0.03125
0 0.564844 0.717969 0.0296875 0.0296875
0 0.182812 0.617188 0.028125 0.028125
0 0.433594 0.467187 0.0328125 0.03125
0 0.28125 0.309375 0.034375 0.034375
0 0.332031 0.647656 0.0328125 0.0296875
0 0.084375 0.567969 0.0375 0.0328125
0 0.511719 0.253906 0.0390625 0.0421875
0 0.300781 0.459375 0.0390625 0.0375
0 0.427344 0.192969 0.0296875 0.0328125
0 0.317969 0.263281 0.0359375 0.0328125
0 0.210156 0.378906 0.0296875 0.0296875
0 0.389844 0.353125 0.0359375 0.0375
0 0.496875 0.351562 0.0375 0.0375
0 0.266406 0.532812 0.0359375 0.0375
0 0.278906 0.575781 0.0390625 0.0359375
0 0.264844 0.261719 0.0390625 0.0390625
0 0.704687 0.339063 0.034375 0.0375
0 0.63125 0.3875 0.0375 0.0375
0 0.542969 0.324219 0.0359375 0.0328125
0 0.396875 0.415625 0.03125 0.03125
0 0.275781 0.353906 0.0359375 0.0390625
0 0.653906 0.263281 0.0390625 0.0390625
0 0.321094 0.492188 0.0359375 0.034375
0 0.357812 0.415625 0.0375 0.034375
0 0.484375 0.665625 0.03125 0.03125
0 0.510156 0.529688 0.0328125 0.03125
0 0.420312 0.666406 0.03125 0.0328125
0 0.328906 0.328906 0.0359375 0.0359375
0 0.570312 0.375781 0.034375 0.0359375
0 0.389062 0.254687 0.025 0.028125
0 0.144531 0.527344 0.0390625 0.0359375
0 0.446094 0.361719 0.0390625 0.0453125
0 0.153906 0.458594 0.0421875 0.0390625
0 0.470313 0.260156 0.04375 0.0421875
0 0.98125 0.464063 0.0375 0.040625
0 0.671875 0.3875 0.025 0.025
0 0.766406 0.760938 0.0203125 0.021875
0 0.6375 0.576563 0.021875 0.021875
0 0.35 0.838281 0.021875 0.0265625
0 0.467187 0.835156 0.021875 0.0234375
0 0.700781 0.776563 0.0234375 0.025
0 0.28125 0.750781 0.025 0.0234375
0 0.0992187 0.732031 0.0359375 0.0390625
0 0.463281 0.817187 0.0203125 0.025
0 0.582031 0.821875 0.0234375 0.021875
0 0.499219 0.774219 0.0234375 0.0234375
0 0.779688 0.738281 0.021875 0.0203125
0 0.548437 0.779688 0.025 0.025
0 0.486719 0.807031 0.0203125 0.0203125
0 0.692187 0.503906 0.03125 0.0265625
0 0.126563 0.76875 0.028125 0.025
0 0.279687 0.775 0.025 0.025
0 0.346094 0.745313 0.0203125 0.021875
0 0.528125 0.771875 0.021875 0.021875
0 0.646094 0.767187 0.0203125 0.021875
0 0.923437 0.634375 0.021875 0.025
0 0.9875 0.500781 0.025 0.0328125
0 0.355469 0.802344 0.0234375 0.0234375
0 0.329688 0.715625 0.021875 0.021875
0 0.819531 0.585938 0.0234375 0.021875
0 0.707812 0.807031 0.021875 0.0234375
0 0.990625 0.688281 0.01875 0.0296875
0 0.560156 0.830469 0.0203125 0.0203125
0 0.173438 0.814062 0.028125 0.028125
0 0.232031 0.827344 0.0234375 0.0203125
0 0.630469 0.842969 0.0234375 0.0234375
0 0.821094 0.6625 0.0328125 0.03125
0 0.739844 0.707812 0.0234375 0.021875
0 0.7875 0.677344 0.028125 0.0265625
0 0.724219 0.632812 0.0265625 0.021875
0 0.735156 0.539844 0.0359375 0.0328125
0 0.749219 0.728906 0.0234375 0.0234375
0 0.4875 0.728125 0.021875 0.021875
0 0.28125 0.817187 0.03125 0.03125
0 0.153906 0.732813 0.0265625 0.028125
0 0.792188 0.645312 0.021875 0.021875
0 0.664062 0.655469 0.025 0.0234375
0 0.508594 0.792188 0.0234375 0.025
0 0.522656 0.751562 0.0203125 0.021875
0 0.657031 0.589844 0.0234375 0.0234375
0 0.24375 0.745313 0.021875 0.021875
0 0.196875 0.803125 0.028125 0.025
0 0.553125 0.855469 0.025 0.0234375
0 0.353125 0.855469 0.025 0.0234375
0 0.338281 0.696094 0.0234375 0.0234375
0 0.141406 0.647656 0.0265625 0.0265625
0 0.727344 0.789844 0.0234375 0.0234375
0 0.107031 0.596094 0.0265625 0.0234375
0 0.601562 0.523438 0.025 0.025
0 0.546875 0.585938 0.021875 0.021875
0 0.205469 0.777344 0.0265625 0.0234375
0 0.40625 0.630469 0.0375 0.0359375
0 0.759375 0.560938 0.021875 0.021875
0 0.986719 0.579687 0.0265625 0.028125
0 0.750781 0.778125 0.0234375 0.025
0 0.654688 0.833594 0.025 0.0234375
0 0.224219 0.330469 0.0328125 0.0265625
0 0.373437 0.727344 0.03125 0.0265625
0 0.475781 0.5 0.0328125 0.03125
0 0.777344 0.709375 0.0265625 0.025
0 0.795313 0.724219 0.021875 0.0203125
0 0.432031 0.316406 0.0359375 0.0390625
0 0.677344 0.822656 0.0234375 0.0234375
0 0.195312 0.752344 0.028125 0.0265625
0 0.654688 0.746875 0.025 0.021875
0 0.478906 0.634375 0.0296875 0.028125
0 0.644531 0.810938 0.0234375 0.021875
0 0.471094 0.764063 0.0234375 0.025
0 0.578906 0.847656 0.0265625 0.0234375
0 0.657812 0.555469 0.028125 0.0265625
0 0.744531 0.685156 0.0234375 0.0234375
0 0.614844 0.453125 0.0296875 0.028125
0 0.520312 0.591406 0.03125 0.0328125
0 0.490625 0.865625 0.028125 0.028125
0 0.127344 0.725 0.0234375 0.025
0 0.428906 0.814062 0.0296875 0.028125
0 0.459375 0.855469 0.021875 0.0234375
0 0.764063 0.665625 0.028125 0.028125
0 0.36875 0.785937 0.025 0.025
0 0.267969 0.858594 0.0265625 0.0265625
0 0.689062 0.410937 0.028125 0.028125
0 0.370313 0.820312 0.025 0.025
0 0.621875 0.81875 0.025 0.021875
0 0.485156 0.596875 0.0265625 0.025
0 0.728906 0.764063 0.0234375 0.025
0 0.721094 0.289062 0.0359375 0.034375
0 0.557031 0.65625 0.0265625 0.028125
0 0.747656 0.502344 0.0265625 0.0265625
0 0.645312 0.638281 0.025 0.0234375
0 0.601562 0.475781 0.03125 0.0265625
0 0.742188 0.611719 0.028125 0.0265625
0 0.928125 0.660156 0.025 0.0265625
0 0.552344 0.50625 0.0296875 0.025
0 0.370313 0.675781 0.025 0.0234375
0 0.226562 0.807813 0.028125 0.025
0 0.503125 0.822656 0.025 0.0265625
0 0.810156 0.619531 0.0265625 0.0234375
0 0.239844 0.402344 0.0296875 0.0296875
0 0.621094 0.229687 0.0390625 0.0375
0 0.438281 0.600781 0.0265625 0.0265625
0 0.779688 0.571875 0.025 0.025
0 0.786719 0.396094 0.0296875 0.0265625
0 0.307813 0.799219 0.025 0.0265625
0 0.322656 0.8625 0.0328125 0.03125
0 0.627344 0.528125 0.0234375 0.021875
0 0.775 0.510156 0.028125 0.0296875
0 0.234375 0.702344 0.028125 0.0265625
0 0.646094 0.459375 0.0265625 0.025
0 0.201562 0.484375 0.028125 0.028125
0 0.754687 0.404687 0.03125 0.03125
0 0.397656 0.310156 0.0328125 0.0328125
0 0.547656 0.5375 0.0328125 0.03125
0 0.91875 0.686719 0.021875 0.0234375
0 0.577344 0.690625 0.0234375 0.025
0 0.392969 0.667188 0.0234375 0.025
0 0.494531 0.752344 0.0234375 0.0234375
0 0.230469 0.848437 0.0234375 0.021875
0 0.500781 0.615625 0.0234375 0.025
0 0.146094 0.66875 0.0296875 0.028125
0 0.564844 0.805469 0.0265625 0.0265625
0 0.703906 0.469531 0.0328125 0.0359375
0 0.798437 0.41875 0.028125 0.025
0 0.675781 0.46875 0.0296875 0.028125
0 0.682813 0.796875 0.021875 0.025
0 0.670313 0.729688 0.025 0.025
0 0.976562 0.660156 0.028125 0.0265625
0 0.441406 0.567187 0.0296875 0.03125
0 0.725 0.560156 0.028125 0.0265625
0 0.407813 0.770312 0.025 0.021875
0 0.265625 0.459375 0.028125 0.028125
0 0.835938 0.642187 0.025 0.025
0 0.665625 0.625781 0.025 0.0234375
0 0.988281 0.428125 0.0234375 0.03125
0 0.397656 0.825781 0.0296875 0.0296875
0 0.416406 0.582031 0.0265625 0.0296875
0 0.282031 0.73125 0.0265625 0.025
0 0.257031 0.71875 0.0265625 0.028125
0 0.702344 0.616406 0.0265625 0.0234375
0 0.364844 0.699219 0.0265625 0.0234375
0 0.645312 0.347656 0.025 0.0234375
0 0.180469 0.733594 0.0234375 0.0234375
0 0.774219 0.542969 0.0265625 0.0265625
0 0.303906 0.717188 0.0265625 0.025
0 0.802344 0.696875 0.0265625 0.025
0 0.396094 0.557813 0.0328125 0.03125
0 0.719531 0.696875 0.0296875 0.028125
0 0.578125 0.553125 0.025 0.025
0 0.533594 0.824219 0.0328125 0.0296875
0 0.317187 0.736719 0.025 0.0234375
0 0.842188 0.589844 0.028125 0.0265625
0 0.664844 0.302344 0.0265625 0.0265625
0 0.342969 0.469531 0.0265625 0.0265625
0 0.389844 0.588281 0.0265625 0.0265625
0 0.774219 0.628906 0.0265625 0.0265625
0 0.676562 0.754687 0.025 0.021875
0 0.295312 0.853906 0.025 0.0234375
0 0.364844 0.757812 0.0234375 0.025
0 0.151562 0.611719 0.040625 0.0390625
0 0.20625 0.835156 0.025 0.0234375
0 0.828906 0.496875 0.0328125 0.034375
0 0.578906 0.578906 0.0265625 0.0265625
0 0.796875 0.595312 0.025 0.025
0 0.677344 0.603906 0.0234375 0.0234375
0 0.953125 0.642969 0.03125 0.0296875
0 0.783594 0.441406 0.0265625 0.0265625
0 0.953906 0.680469 0.0265625 0.0296875
0 0.830469 0.524219 0.0265625 0.0265625
0 0.9875 0.757812 0.025 0.034375
0 0.928906 0.56875 0.0234375 0.025
0 0.64375 0.609375 0.025 0.021875
0 0.328125 0.675781 0.025 0.0234375
0 0.221094 0.733594 0.0265625 0.0265625
0 0.354688 0.494531 0.028125 0.0265625
0 0.408594 0.69375 0.0296875 0.028125
0 0.978125 0.703906 0.025 0.0265625
0 0.766406 0.465625 0.0265625 0.028125
0 0.0875 0.65625 0.03125 0.03125
0 0.179688 0.786719 0.025 0.0234375
0 0.15625 0.760156 0.028125 0.0296875
0 0.964844 0.604688 0.0421875 0.0375
0 0.807031 0.539844 0.0296875 0.0296875
0 0.470313 0.690625 0.03125 0.028125
0 0.1875 0.409375 0.03125 0.028125
0 0.570312 0.601562 0.025 0.025
0 0.361719 0.628125 0.0359375 0.03125
0 0.690625 0.369531 0.025 0.0265625
0 0.115625 0.670313 0.028125 0.025
0 0.694531 0.54375 0.0296875 0.03125
0 0.461719 0.521875 0.0265625 0.025
0 0.947656 0.529688 0.0359375 0.034375
0 0.464844 0.741406 0.0234375 0.0234375
0 0.605469 0.669531 0.0328125 0.0296875
0 0.465625 0.577344 0.028125 0.0265625
0 0.508594 0.638281 0.0234375 0.0234375
0 0.729688 0.452344 0.025 0.0234375
0 0.0921875 0.720312 0.028125 0.028125
0 0.35625 0.528125 0.0375 0.0375
0 0.297656 0.602344 0.0328125 0.0296875
0 0.342187 0.771875 0.028125 0.028125
0 0.1625 0.557031 0.028125 0.0234375
0 0.582812 0.782812 0.028125 0.028125
0 0.75625 0.439063 0.028125 0.028125
0 0.840625 0.448438 0.025 0.025
0 0.595312 0.2875 0.025 0.025
0 0.959375 0.570312 0.028125 0.028125
0 0.478906 0.469531 0.0296875 0.0296875
0 0.35625 0.595312 0.03125 0.03125
0 0.702344 0.750781 0.0296875 0.0265625
0 0.404687 0.796875 0.03125 0.028125
0 0.0929687 0.690625 0.0328125 0.03125
0 0.328906 0.548437 0.0328125 0.03125
0 0.692969 0.290625 0.0296875 0.03125
0 0.9625 0.746094 0.025 0.0265625
0 0.248437 0.673437 0.028125 0.025
0 0.478125 0.439844 0.028125 0.0296875
0 0.665625 0.439063 0.028125 0.028125
0 0.160156 0.376563 0.0328125 0.03125
0 0.557031 0.409375 0.0234375 0.025
0 0.321875 0.582031 0.03125 0.0328125
0 0.334375 0.232031 0.040625 0.0421875
0 0.728906 0.421094 0.0328125 0.0359375
0 0.372656 0.473437 0.0265625 0.025
0 0.261719 0.504687 0.0234375 0.021875
0 0.107031 0.746094 0.0296875 0.0296875
0 0.363281 0.447656 0.0296875 0.0296875
0 0.309375 0.367969 0.03125 0.0296875
0 0.414062 0.721094 0.03125 0.0296875
0 0.754687 0.585938 0.028125 0.025
0 0.454688 0.659375 0.028125 0.028125
0 0.614844 0.266406 0.0328125 0.0328125
0 0.682813 0.69375 0.028125 0.028125
0 0.0695312 0.632031 0.0359375 0.0328125
0 0.839844 0.616406 0.0265625 0.0265625
0 0.140625 0.792969 0.03125 0.0328125
0 0.364844 0.565625 0.0265625 0.028125
0 0.123438 0.426562 0.03125 0.03125
0 0.830469 0.422656 0.0328125 0.0328125
0 0.439844 0.689844 0.0265625 0.0265625
0 0.375781 0.282813 0.0328125 0.03125
0 0.175 0.646094 0.034375 0.0296875
0 0.539844 0.614844 0.0296875 0.0296875
0 0.65625 0.684375 0.028125 0.028125
0 0.371094 0.652344 0.0296875 0.0265625
0 0.226562 0.553125 0.034375 0.0375
0 0.0867188 0.535156 0.0453125 0.0390625
0 0.610156 0.610156 0.0296875 0.0296875
0 0.946875 0.715625 0.03125 0.03125
0 0.726562 0.66875 0.028125 0.028125
0 0.577344 0.632031 0.0296875 0.0296875
0 0.927344 0.602344 0.0328125 0.0328125
0 0.297656 0.638281 0.0359375 0.0359375
0 0.639063 0.665625 0.028125 0.028125
0 0.366406 0.31875 0.0328125 0.034375
0 0.221875 0.470313 0.028125 0.028125
0 0.719531 0.592188 0.0328125 0.03125
0 0.582812 0.453906 0.028125 0.0296875
0 0.214062 0.628125 0.03125 0.03125
0 0.484375 0.382812 0.025 0.028125
0 0.448438 0.441406 0.03125 0.0296875
0 0.521875 0.853125 0.028125 0.028125
0 0.353125 0.346875 0.028125 0.028125
0 0.457031 0.396094 0.0359375 0.0328125
0 0.744531 0.646094 0.0265625 0.0265625
0 0.390625 0.201562 0.028125 0.03125
0 0.394531 0.748438 0.0328125 0.03125
0 0.503125 0.411719 0.028125 0.0265625
0 0.617188 0.7 0.03125 0.03125
0 0.192969 0.323438 0.0328125 0.03125
0 0.441406 0.632812 0.0328125 0.034375
0 0.747656 0.378906 0.0234375 0.0234375
0 0.45625 0.785156 0.028125 0.0234375
0 0.51875 0.697656 0.034375 0.0328125
0 0.68125 0.573438 0.03125 0.028125
0 0.6375 0.432031 0.03125 0.0328125
0 0.574219 0.521875 0.0296875 0.03125
0 0.195312 0.70625 0.03125 0.028125
0 0.440625 0.502344 0.03125 0.0328125
0 0.660156 0.408594 0.0265625 0.0296875
0 0.371094 0.235156 0.0265625 0.0296875
0 0.510156 0.315625 0.0328125 0.03125
0 0.309375 0.421875 0.0375 0.034375
0 0.269531 0.395312 0.0296875 0.03125
0 0.428125 0.424219 0.028125 0.0265625
0 0.233594 0.503125 0.0265625 0.028125
0 0.607813 0.583594 0.03125 0.0296875
0 0.615625 0.767187 0.03125 0.034375
0 0.441406 0.239063 0.0265625 0.028125
0 0.646875 0.716406 0.0375 0.0328125
0 0.985937 0.530469 0.028125 0.0296875
0 0.297656 0.236719 0.0359375 0.0359375
0 0.792188 0.484375 0.03125 0.03125
0 0.742969 0.474219 0.0265625 0.0265625
0 0.479688 0.296875 0.028125 0.03125
0 0.6625 0.328125 0.028125 0.025
0 0.4375 0.757031 0.034375 0.0328125
0 0.591406 0.353906 0.0296875 0.0296875
0 0.520312 0.4375 0.03125 0.03125
0 0.1875 0.56875 0.03125 0.03125
0 0.164844 0.692187 0.0265625 0.028125
0 0.460938 0.214062 0.040625 0.0375
0 0.163281 0.342969 0.0296875 0.0296875
0 0.983594 0.628906 0.0296875 0.0296875
0 0.151562 0.407813 0.034375 0.03125
0 0.589844 0.221875 0.0296875 0.034375
0 0.296094 0.546875 0.0265625 0.028125
0 0.796094 0.36875 0.0265625 0.028125
0 0.513281 0.728906 0.0296875 0.0296875
0 0.510156 0.496094 0.0359375 0.0359375
0 0.571094 0.485156 0.0296875 0.0296875
0 0.621094 0.496094 0.0359375 0.0328125
0 0.621094 0.555469 0.0296875 0.0296875
0 0.33125 0.446094 0.03125 0.0296875
0 0.736719 0.323438 0.0328125 0.034375
0 0.592188 0.314063 0.028125 0.028125
0 0.217187 0.426562 0.03125 0.028125
0 0.510938 0.382812 0.03125 0.028125
0 0.228906 0.592188 0.0359375 0.0375
0 0.189063 0.441406 0.03125 0.0328125
0 0.540625 0.395312 0.034375 0.034375
0 0.357031 0.379687 0.0359375 0.034375
0 0.328906 0.615625 0.0296875 0.03125
0 0.417969 0.395312 0.0328125 0.03125
0 0.260938 0.794531 0.034375 0.0328125
0 0.324219 0.391406 0.0296875 0.0296875
0 0.535156 0.560156 0.0296875 0.0296875
0 0.403125 0.491406 0.03125 0.0328125
0 0.258594 0.605469 0.0328125 0.0328125
0 0.952344 0.491406 0.0328125 0.0328125
0 0.08125 0.6 0.03125 0.03125
0 0.308594 0.522656 0.0328125 0.0328125
0 0.699219 0.646094 0.0328125 0.0328125
0 0.210938 0.297656 0.0375 0.0359375
0 0.807813 0.457812 0.034375 0.03125
0 0.76875 0.35625 0.0375 0.0375
0 0.621875 0.327344 0.03125 0.0328125
0 0.670313 0.528125 0.028125 0.03125
0 0.521875 0.667188 0.03125 0.03125
0 0.252344 0.29375 0.0359375 0.034375
0 0.395312 0.442969 0.028125 0.0265625
0 0.527344 0.467187 0.0265625 0.028125
0 0.578906 0.261719 0.0359375 0.0390625
0 0.70625 0.721094 0.025 0.0265625
0 0.311719 0.29375 0.0328125 0.03125
0 0.469531 0.549219 0.0296875 0.0265625
0 0.1375 0.56875 0.034375 0.034375
0 0.208594 0.670313 0.0359375 0.034375
0 0.10625 0.621875 0.034375 0.03125
0 0.125781 0.491406 0.0390625 0.0359375
0 0.733594 0.352344 0.0265625 0.0265625
0 0.241406 0.366406 0.0390625 0.0359375
0 0.533594 0.361719 0.0359375 0.0359375
0 0.555469 0.749219 0.0296875 0.0296875
0 0.167969 0.498437 0.0296875 0.03125
0 0.541406 0.278906 0.0296875 0.0296875
0 0.547656 0.233594 0.0328125 0.0296875
0 0.602344 0.729688 0.0328125 0.034375
0 0.607813 0.799219 0.03125 0.0265625
0 0.45 0.717188 0.0375 0.034375
0 0.425 0.53125 0.0375 0.034375
0 0.564844 0.296875 0.0328125 0.034375
0 0.414844 0.278906 0.0421875 0.0453125
0 0.557813 0.439844 0.03125 0.0328125
0 0.586719 0.75625 0.0296875 0.028125
0 0.608594 0.640625 0.0328125 0.03125
0 0.515625 0.214062 0.040625 0.0375
0 0.388281 0.857031 0.0390625 0.0359375
0 0.205469 0.514063 0.0328125 0.03125
0 0.241406 0.646875 0.0359375 0.034375
0 0.1125 0.457812 0.04375 0.040625
0 0.0953125 0.503125 0.03125 0.03125
0 0.257031 0.428125 0.0390625 0.0375
0 0.599219 0.407813 0.0328125 0.034375
0 0.285156 0.690625 0.0328125 0.03125
0 0.564844 0.717969 0.0296875 0.0296875
0 0.182812 0.617188 0.028125 0.028125
0 0.433594 0.467187 0.0328125 0.03125
0 0.28125 0.309375 0.034375 0.034375
0 0.332031 0.647656 0.0328125 0.0296875
0 0.084375 0.567969 0.0375 0.0328125
0 0.511719 0.253906 0.0390625 0.0421875
0 0.300781 0.459375 0.0390625 0.0375
0 0.427344 0.192969 0.0296875 0.0328125
0 0.317969 0.263281 0.0359375 0.0328125
0 0.210156 0.378906 0.0296875 0.0296875
0 0.389844 0.353125 0.0359375 0.0375
0 0.496875 0.351562 0.0375 0.0375
0 0.266406 0.532812 0.0359375 0.0375
0 0.278906 0.575781 0.0390625 0.0359375
0 0.264844 0.261719 0.0390625 0.0390625
0 0.704687 0.339063 0.034375 0.0375
0 0.63125 0.3875 0.0375 0.0375
0 0.542969 0.324219 0.0359375 0.0328125
0 0.396875 0.415625 0.03125 0.03125
0 0.275781 0.353906 0.0359375 0.0390625
0 0.653906 0.263281 0.0390625 0.0390625
0 0.321094 0.492188 0.0359375 0.034375
0 0.357812 0.415625 0.0375 0.034375
0 0.484375 0.665625 0.03125 0.03125
0 0.510156 0.529688 0.0328125 0.03125
0 0.420312 0.666406 0.03125 0.0328125
0 0.328906 0.328906 0.0359375 0.0359375
0 0.570312 0.375781 0.034375 0.0359375
0 0.389062 0.254687 0.025 0.028125
0 0.144531 0.527344 0.0390625 0.0359375
0 0.446094 0.361719 0.0390625 0.0453125
0 0.153906 0.458594 0.0421875 0.0390625
0 0.470313 0.260156 0.04375 0.0421875
0 0.98125 0.464063 0.0375 0.040625
